# fitpack15: fit parameters                                                                         
# CJ15 AV18 final data choices                                                                      
# Created on 02/20/2020 at 18:21:28                                                                 

 # QCD setup
  INS                           0
  NVL                          11
  IORD                          1
  Q02                   1.6899999999999999     
  IPARAMC                      -7
  FLAVOR                5.0000000000000000     
  xmc                   1.3000000000000000     
  xmb                   4.5000000000000000     
  ncb                          12
  ihq                           1
  ias                           0

 # Theory corrections
  inuke                     10114
  itmc                          1
  iht                           1

 # fit parameters
 LAMBDA       0.22680        0.0000    
 a0uv          1.5127        0.0000    
 a1uv         0.51507       0.28193E-01
 a2uv          3.5715       0.10900E-01
 a3uv          0.0000        0.0000    
 a4uv          6.2688       0.98750    
 a5uv          0.0000        0.0000    
 a0dv          16.764        0.0000    
 a1dv          1.0548       0.35055E-01
 a2dv          6.4888       0.16771    
 a3dv         -3.5597       0.10182    
 a4dv          5.2013       0.16920    
 a5dv          0.0000        0.0000    
 a0ud         0.13567       0.48932E-02
 a1ud        -0.21498       0.39058E-02
 a2ud          8.8267       0.16887    
 a3ud          0.0000        0.0000    
 a4ud          18.636        1.3457    
 a5ud          0.0000        0.0000    
 a0du          35712.        0.0000    
 a1du          4.0677       0.87743E-01
 a2du          21.156        1.0148    
 a3du          17.000        0.0000    
 a4du          53.896        9.0275    
 a0g           42.418        0.0000    
 a1g          0.58686       0.31418E-01
 a2g           6.3332       0.94208    
 a3g          -3.3419       0.14020    
 a4g           3.2863       0.34804    
 a5g           0.0000        0.0000    
 kappa        0.40000        0.0000    
 a6dv         0.55929E-02   0.10854E-02
 a7dv          2.0000        0.0000    
 off1        -0.81993       -55960.    
 off2         -3.5284      -0.55833E+06
 off3         -15.534      -0.55718E+06
 ht1          -4.1995       0.41872    
 ht2           2.2058       0.13395    
 ht3          -2.0248       0.33996E-01
 ht4           0.0000        0.0000    
 ht1n         -3.8927       0.94455    
 ht2n          1.9617       0.31557    
 ht3n         -2.2955       0.94231E-01
 ht4n          0.0000        0.0000    
 dummy45       0.0000        0.0000    
 dummy46       0.0000        0.0000    
 dummy47       0.0000        0.0000    
 dummy48       0.0000        0.0000    
 dummy49       0.0000        0.0000    
 bcdmsh2      0.96722       0.50475E-02
 bcdmsd2      0.98554       0.58345E-02
 ccfr          1.0000        0.0000    
 nutev         1.0000        0.0000    
 zeus         0.97998        0.0000    
 h1            1.0162        0.0000    
 e605          1.0319        0.0000    
 NmcH2         1.0041       0.72740E-02
 ntv_nu        1.0000        0.0000    
 ntv_nuba      1.0000        0.0000    
 cdf_jet      0.98910        0.0000    
 d0_jet       0.83504        0.0000    
 slac_p       0.99776       0.55604E-02
 slac_d       0.99624       0.55372E-02
 e866pp       0.99906       0.21126E-01
 e866pd       0.98141       0.16449E-01
 d0_gamje      1.0345       0.16423E-01
 h1b          0.97608        0.0000    
 blank         1.0000        0.0000    
 d0run2       0.95036       0.14771E-01
 cdfrun2      0.93703       0.17596E-01
 HERA_el       1.0000        0.0000    
 HERA_ps       1.0000        0.0000    
 CDF_Z        0.94394       0.65476E-02
 NmcRat        1.0000        0.0000    
 HERMES_F     0.99152       0.60464E-02
 HERMES_F     0.97239       0.60605E-02
 END 0. 0.

 # Hessian matrix (Bevington alpha)
   0.11071934007454E+08  0.12939232739653E+08  0.56386745042293E+06  0.66618919159702E+07  0.11897593130345E+07  0.24763954079851E+07  0.15022586156793E+07  0.46455292521307E+08  0.61412460598966E+08  0.11940329270566E+07  0.19633682589300E+06  0.27277894683976E+07  0.25562928542933E+06  0.15947699466240E+05  0.80340257194568E+07  0.26504484419710E+06  0.19375514763459E+07  0.84953709894979E+06  0.32040265615513E+09  0.24656635969774E+07  0.24712551879404E+06  0.24763610356749E+06  0.76916841022530E+06  0.20697847347580E+07  0.68794776717171E+07  0.34344615606639E+06  0.98204225217504E+06  0.30860019531127E+07 -0.13875190411387E+06 -0.58819147510940E+05 -0.62969668805963E+04 -0.90986741139313E+06 -0.11792691882022E+07 -0.21553178810631E+05 -0.48932803645582E+05 -0.33729328810078E+04 -0.93286356628894E+04 -0.32878618998150E+04 -0.22854265391079E+05 -0.79275497138987E+05 -0.62385503112218E+05
   0.12939232739653E+08  0.31516304464374E+08  0.92965126539946E+06  0.13743540657680E+08  0.28979635591284E+07  0.55734659300222E+07  0.32493797583863E+07  0.10059294108498E+09  0.13662988835447E+09  0.27578843264756E+07  0.42067906208079E+06  0.60146133542523E+07  0.56329391627842E+06  0.35616069434816E+05  0.17780228371908E+08  0.59511969432965E+06  0.42620048915177E+07  0.18594436097723E+07  0.69966347546587E+09  0.54674379462196E+07  0.54798369112076E+06  0.54911587742896E+06  0.17226192683173E+07  0.45819380968965E+07  0.15631775584351E+08  0.76928525342173E+06  0.21838444021456E+07  0.69331730662770E+07  0.16997601627161E+05  0.83952295985141E+04 -0.14242799119131E+03  0.21342104230365E+06  0.26983406061936E+06  0.57122718390838E+04  0.13154071100930E+05  0.42515490485808E+03  0.23882215411210E+04  0.75509568412393E+03 -0.20308177273780E+04  0.88832242295016E+04  0.74689832783916E+04
   0.56386745042293E+06  0.92965126539946E+06  0.33234565904821E+05  0.43780968465080E+06  0.85600012262772E+05  0.17038792538259E+06  0.10120585681174E+06  0.31259489331746E+07  0.42059755692424E+07  0.83640571565482E+05  0.13122515244507E+05  0.18572335132437E+06  0.17401266103662E+05  0.10940283845606E+04  0.54792106694973E+06  0.18298576348026E+05  0.13139768474436E+06  0.57405602875096E+05  0.21723400435238E+08  0.16849993776268E+06  0.16888205912360E+05  0.16923098548426E+05  0.52803744845942E+05  0.14119035435089E+06  0.47626521880994E+06  0.23587250245449E+05  0.67183208571594E+05  0.21237937415735E+06 -0.37271110231534E+04 -0.15743368864970E+04 -0.11768982801638E+02 -0.24654333570419E+05 -0.32125268603734E+05 -0.59989570860357E+03 -0.13656685950921E+04 -0.81497711586041E+02 -0.25719969215492E+03 -0.90444624564246E+02 -0.17379534362388E+03 -0.18419601555966E+04 -0.14766820229019E+04
   0.66618919159702E+07  0.13743540657680E+08  0.43780968465080E+06  0.65566426199988E+07  0.12175269263169E+07  0.25320503676566E+07  0.14977193271334E+07  0.45131333178266E+08  0.60650860639379E+08  0.12045002834905E+07  0.19005421088586E+06  0.26706883533943E+07  0.25012667002009E+06  0.15873277229193E+05  0.79317027148132E+07  0.26012842159307E+06  0.19210982091131E+07  0.84185520490866E+06  0.31274219344101E+09  0.24286906897570E+07  0.24341984341750E+06  0.24392277191396E+06  0.76361229505665E+06  0.20368852577894E+07  0.69013586103070E+07  0.34080134264685E+06  0.96985032830911E+06  0.30650480978487E+07 -0.13320618186747E+05 -0.22164372595365E+05 -0.19836136808549E+03 -0.68450349069604E+05 -0.35834500883639E+06 -0.13341382674535E+04 -0.24836080829244E+04 -0.68039719391231E+02 -0.24594314951068E+04 -0.95675848217262E+03 -0.11391940455951E+05 -0.77204564970242E+04 -0.22937022153693E+05
   0.11897593130345E+07  0.28979635591284E+07  0.85600012262772E+05  0.12175269263169E+07  0.27438978641071E+06  0.50696520528597E+06  0.29309659344433E+06  0.92424117351093E+07  0.12581291589678E+08  0.25554799725838E+06  0.38543585722247E+05  0.55403121729125E+06  0.51893510305061E+05  0.32740888709005E+04  0.16347542071250E+07  0.55159179731332E+05  0.39032503010377E+06  0.16998421425372E+06  0.64295510887878E+08  0.50353992982184E+06  0.50468184931344E+05  0.50572456990722E+05  0.15842872134303E+06  0.42143472396580E+06  0.14405721462361E+07  0.70884620749476E+05  0.20113870820739E+06  0.63978843739824E+06  0.19993856362172E+04  0.33779260480044E+04 -0.50330696820341E+02  0.11804890839850E+05  0.63431940328207E+05  0.30878078228952E+03  0.55565781287519E+03  0.83178625261595E+01  0.45203940785155E+03  0.16738583894954E+03  0.44657676187362E+03  0.83156010369224E+03  0.25854335249218E+04
   0.24763954079851E+07  0.55734659300222E+07  0.17038792538259E+06  0.25320503676566E+07  0.50696520528597E+06  0.10086975525268E+07  0.59021808757463E+06  0.18070504268705E+08  0.24368747945398E+08  0.48755206254476E+06  0.75888219756923E+05  0.10729353037844E+07  0.10049356083642E+06  0.63694245196068E+04  0.31811898426072E+07  0.10516679051341E+06  0.76754448078498E+06  0.33581533356204E+06  0.12512796069670E+09  0.97572355217809E+06  0.97793628184789E+05  0.97995679101001E+05  0.30705058100693E+06  0.81810316210472E+06  0.27816878848101E+07  0.13721609477818E+06  0.39000262169360E+06  0.12352674923687E+07 -0.19616872403011E+04 -0.30430024653471E+04  0.59849418272766E+02 -0.59040743566053E+04 -0.28047191286327E+05  0.36692116820316E+02  0.35625879618299E+02 -0.13602774341974E+02 -0.15084926448946E+03 -0.82698788564295E+02 -0.28957868984941E+04 -0.15400260633329E+04 -0.43903821862779E+04
   0.15022586156793E+07  0.32493797583863E+07  0.10120585681174E+06  0.14977193271334E+07  0.29309659344433E+06  0.59021808757463E+06  0.34709088848796E+06  0.10569581852019E+08  0.14262086441003E+08  0.28486552282262E+06  0.44395527018706E+05  0.62798707989118E+06  0.58814322083599E+05  0.37262310915365E+04  0.18610091543057E+07  0.61585880216894E+05  0.44860883709948E+06  0.19624072866107E+06  0.73322087671746E+08  0.57094946977436E+06  0.57224425950133E+05  0.57342657044608E+05  0.17963380963936E+06  0.47877103827862E+06  0.16257795859972E+07  0.80229330727882E+05  0.22810169452599E+06  0.72196456244398E+06 -0.19229562053179E+04 -0.30424728549246E+04  0.91326087856984E+02 -0.77615407854713E+04 -0.40613016485265E+05 -0.11356517373003E+03 -0.20872849754376E+03 -0.98723839942976E+01 -0.26798259032786E+03 -0.11342709987095E+03 -0.12428172536914E+04 -0.96444600987272E+03 -0.28676767461258E+04
   0.46455292521307E+08  0.10059294108498E+09  0.31259489331746E+07  0.45131333178266E+08  0.92424117351093E+07  0.18070504268705E+08  0.10569581852019E+08  0.33135719844632E+09  0.43869397470773E+09  0.87949430307121E+07  0.13861087393347E+07  0.19458889326646E+08  0.18216689987830E+07  0.11510864786289E+06  0.57531754394658E+08  0.19093323350555E+07  0.13862666553858E+08  0.60587358594412E+07  0.22648692033027E+10  0.17660698717024E+08  0.17700749356320E+07  0.17737320784249E+07  0.55568147984495E+07  0.14812207522734E+08  0.50337284924842E+08  0.24828069698999E+07  0.70587783001655E+07  0.22357482072829E+08 -0.65292626841707E+05 -0.52433783934271E+05 -0.76240514689044E+05 -0.30964541973069E+06 -0.60137733607276E+06 -0.76167549365382E+05 -0.17191243209388E+06 -0.15182807870185E+04  0.69227869032996E+03  0.45217117329994E+03 -0.29724986896451E+06 -0.15606164672865E+06 -0.19134366807774E+06
   0.61412460598966E+08  0.13662988835447E+09  0.42059755692424E+07  0.60650860639379E+08  0.12581291589678E+08  0.24368747945398E+08  0.14262086441003E+08  0.43869397470773E+09  0.60044765908807E+09  0.12076730284876E+08  0.18400921439840E+07  0.26351552373515E+08  0.24682169196818E+07  0.15597941517162E+06  0.77951088900544E+08  0.26047303530848E+07  0.18689946852305E+08  0.81554711730037E+07  0.30716337606597E+10  0.23955042125790E+08  0.24009366972551E+07  0.24058972603148E+07  0.75308399521768E+07  0.20053024710930E+08  0.68306447330677E+08  0.33648105787001E+07  0.95587791697344E+07  0.30338428911873E+08  0.11474323629548E+05  0.10902014849706E+05  0.25856144317393E+05  0.68137356973907E+05  0.12804943398889E+06  0.22682139611761E+05  0.51298316099277E+05  0.20447855284759E+03 -0.13618580123411E+04 -0.74157796418925E+03  0.11746968280705E+06  0.46837567702554E+05  0.56940460878759E+05
   0.11940329270566E+07  0.27578843264756E+07  0.83640571565482E+05  0.12045002834905E+07  0.25554799725838E+06  0.48755206254476E+06  0.28486552282262E+06  0.87949430307121E+07  0.12076730284876E+08  0.24545240930037E+06  0.36646792748133E+05  0.53033619972243E+06  0.49674607882998E+05  0.31406926939856E+04  0.15652451677138E+07  0.53031188228000E+05  0.37273926529646E+06  0.16215667895064E+06  0.61845446836986E+08  0.48256190360756E+06  0.48365624947965E+05  0.48465552918890E+05  0.15158442435414E+06  0.40330554781688E+06  0.13770243196924E+07  0.67746841210329E+05  0.19235497167472E+06  0.61156337083632E+06  0.26907756888174E+04  0.18509137493524E+04  0.74944673153125E+03  0.10709488663996E+05  0.22050430791147E+05  0.14313209516880E+04  0.31768856733358E+04  0.43984692359106E+02  0.11401064501502E+03  0.51430154621075E+02  0.32067102316533E+04  0.28836725558701E+04  0.36164320022416E+04
   0.19633682589300E+06  0.42067906208079E+06  0.13122515244507E+05  0.19005421088586E+06  0.38543585722247E+05  0.75888219756923E+05  0.44395527018706E+05  0.13861087393347E+07  0.18400921439840E+07  0.36646792748133E+05  0.58295576440068E+04  0.81457300561984E+05  0.76251542283193E+04  0.48175220077893E+03  0.24141176550043E+06  0.79147283190398E+04  0.58517278391971E+05  0.25633819082988E+05  0.94773583560513E+07  0.73888853465337E+05  0.74056417380305E+04  0.74209424966391E+04  0.23255237934792E+05  0.62007374647306E+05  0.21056289481054E+06  0.10389922383870E+05  0.29544744729051E+05  0.93523263972938E+05 -0.39841523941750E+03 -0.30215357093799E+03 -0.31540234116846E+03 -0.17451572836216E+04 -0.34265095922409E+04 -0.36610454308773E+03 -0.82605724169915E+03 -0.97828007227099E+01 -0.86875942067433E+01 -0.41803098887798E+01 -0.10614927216679E+04 -0.74903979868233E+03 -0.92362565237802E+03
   0.27277894683976E+07  0.60146133542523E+07  0.18572335132437E+06  0.26706883533943E+07  0.55403121729125E+06  0.10729353037844E+07  0.62798707989118E+06  0.19458889326646E+08  0.26351552373515E+08  0.53033619972243E+06  0.81457300561984E+05  0.11621220861170E+07  0.10879773555905E+06  0.68683812962740E+04  0.34320075542604E+07  0.11461156747919E+06  0.82380771521527E+06  0.35963939189004E+06  0.13526932793684E+09  0.10549178847962E+07  0.10573102100585E+06  0.10594947132887E+06  0.33170929239548E+06  0.88355075817129E+06  0.30078750184393E+07  0.14819044128100E+06  0.42100814506489E+06  0.13359627962384E+07 -0.96615715083035E+03 -0.95284875152778E-01 -0.67272186379234E+03 -0.44893273437904E+04 -0.19414231022111E+02 -0.20713298397009E+04 -0.48695573594997E+02 -0.72779691867715E+02 -0.15382589335812E+01 -0.66708650121419E+00  0.17846012332461E+03 -0.25457463911998E+04 -0.70487319279842E+01
   0.25562928542933E+06  0.56329391627842E+06  0.17401266103662E+05  0.25012667002009E+06  0.51893510305061E+05  0.10049356083642E+06  0.58814322083599E+05  0.18216689987830E+07  0.24682169196818E+07  0.49674607882998E+05  0.76251542283193E+04  0.10879773555905E+06  0.10188791834711E+05  0.64322284686200E+03  0.32137723486793E+06  0.10739429019775E+05  0.77106275457594E+05  0.33658440229762E+05  0.12668665665145E+08  0.98799783173616E+05  0.99023839681332E+04  0.99228432331240E+04  0.31067801536149E+05  0.82754165563087E+05  0.28170244705136E+06  0.13879033146101E+05  0.39430989676675E+05  0.12512169081621E+06 -0.13639068106211E+03 -0.99153549594210E-02 -0.25611284827318E+02 -0.50117081161451E+03 -0.15005982367361E+01 -0.12618350253779E+03 -0.12243563532585E+02 -0.56640413698128E+01 -0.15368485046663E+00 -0.60672808919391E-01  0.19637709976780E+02 -0.17838466441197E+03 -0.47781729571360E+00
   0.15947699466240E+05  0.35616069434816E+05  0.10940283845606E+04  0.15873277229193E+05  0.32740888709005E+04  0.63694245196068E+04  0.37262310915365E+04  0.11510864786289E+06  0.15597941517162E+06  0.31406926939856E+04  0.48175220077893E+03  0.68683812962740E+04  0.64322284686200E+03  0.40702659127714E+02  0.20317696900437E+05  0.67842260285198E+03  0.48756699023648E+04  0.21276230340421E+04  0.80061549598041E+06  0.62434759822362E+04  0.62576348333962E+03  0.62705637007966E+03  0.19629909680397E+04  0.52277837893661E+04  0.17802200600733E+05  0.87710999533178E+03  0.24920378192454E+04  0.79068041744207E+04  0.63756074415975E-01 -0.40673318191425E-04 -0.55372537096311E+01 -0.63784267691434E+00 -0.29120376162522E-02 -0.26623353063751E+01 -0.97314994177938E-05 -0.12444421027439E+00 -0.14772774394918E-02 -0.81295513105594E-03 -0.20514457053271E+01 -0.27292589151706E+01 -0.58098629181373E-02
   0.80340257194568E+07  0.17780228371908E+08  0.54792106694973E+06  0.79317027148132E+07  0.16347542071250E+07  0.31811898426072E+07  0.18610091543057E+07  0.57531754394658E+08  0.77951088900544E+08  0.15652451677138E+07  0.24141176550043E+06  0.34320075542604E+07  0.32137723486793E+06  0.20317696900437E+05  0.10190937576210E+08  0.33445227182888E+06  0.24664308807151E+07  0.10793893252330E+07  0.39984317646679E+09  0.31179981593756E+07  0.31250691038273E+06  0.31315257931574E+06  0.98029560862120E+06  0.26106454534290E+07  0.88908921612341E+07  0.43801909704169E+06  0.12444661928024E+07  0.39488670499706E+07 -0.29008483024442E+04 -0.19051400896966E+04 -0.25144666262265E+04  0.19704457366266E+04  0.44254439211349E+04 -0.14483350242559E+04 -0.29025309905714E+04 -0.74558565567910E+03 -0.29944458443037E+04 -0.15748945724930E+04 -0.22042290464151E+04 -0.98312071390304E+03 -0.11088499100802E+04
   0.26504484419710E+06  0.59511969432965E+06  0.18298576348026E+05  0.26012842159307E+06  0.55159179731332E+05  0.10516679051341E+06  0.61585880216894E+05  0.19093323350555E+07  0.26047303530848E+07  0.53031188228000E+05  0.79147283190398E+04  0.11461156747919E+06  0.10739429019775E+05  0.67842260285198E+03  0.33445227182888E+06  0.11899266130623E+05  0.77469898988621E+05  0.33360947805830E+05  0.13373603001212E+08  0.10433957197143E+06  0.10457619152019E+05  0.10479225585591E+05  0.32806707485130E+05  0.87371761813091E+05  0.29740715775182E+06  0.14655971050842E+05  0.41639445140082E+05  0.13210088654444E+06  0.55397064625034E+03  0.34853540360792E+03  0.29498484938767E+03 -0.14716328797711E+03 -0.50401495029051E+03  0.15464851662165E+03  0.30808146322951E+03  0.85050350068574E+02  0.47568715029803E+03  0.23219017018588E+03 -0.37364284674228E+03  0.27499363664538E+03  0.30881463572747E+03
   0.19375514763459E+07  0.42620048915177E+07  0.13139768474436E+06  0.19210982091131E+07  0.39032503010377E+06  0.76754448078498E+06  0.44860883709948E+06  0.13862666553858E+08  0.18689946852305E+08  0.37273926529646E+06  0.58517278391971E+05  0.82380771521527E+06  0.77106275457594E+05  0.48756699023648E+04  0.24664308807151E+07  0.77469898988621E+05  0.61094482925006E+06  0.26955907727326E+06  0.95876318761169E+08  0.74746413335354E+06  0.74915922010356E+05  0.75070705414572E+05  0.23495631320328E+06  0.62565058332214E+06  0.21316461713986E+07  0.10499307821901E+06  0.29829023693807E+06  0.94675852210881E+06 -0.26635510467290E+04 -0.17275699571964E+04 -0.24674538082016E+04  0.20986335626491E+04  0.45581026005251E+04 -0.11821620485194E+04 -0.23765433098328E+04 -0.60933452194531E+03 -0.25898618466267E+04 -0.13892029262065E+04  0.13872889358169E+04 -0.16535124822716E+04 -0.18408182619371E+04
   0.84953709894979E+06  0.18594436097723E+07  0.57405602875096E+05  0.84185520490866E+06  0.16998421425372E+06  0.33581533356204E+06  0.19624072866107E+06  0.60587358594412E+07  0.81554711730037E+07  0.16215667895064E+06  0.25633819082988E+05  0.35963939189004E+06  0.33658440229762E+05  0.21276230340421E+04  0.10793893252330E+07  0.33360947805830E+05  0.26955907727326E+06  0.11935845819848E+06  0.41836983000786E+08  0.32613046544247E+06  0.32687005869662E+05  0.32754540325708E+05  0.10251333108311E+06  0.27298438814294E+06  0.93020748019753E+06  0.45813053887535E+05  0.13016135951027E+06  0.41313780388484E+06 -0.19059865873948E+04 -0.12025654687754E+04 -0.12488281385305E+04  0.96547798478725E+03  0.25064516214045E+04 -0.60581924758945E+03 -0.12174337642745E+04 -0.33947766181838E+03 -0.16999731971668E+04 -0.87318878919463E+03  0.15330388124921E+04 -0.11653635293951E+04 -0.12982208344045E+04
   0.32040265615513E+09  0.69966347546587E+09  0.21723400435238E+08  0.31274219344101E+09  0.64295510887878E+08  0.12512796069670E+09  0.73322087671746E+08  0.22648692033027E+10  0.30716337606597E+10  0.61845446836986E+08  0.94773583560513E+07  0.13526932793684E+09  0.12668665665145E+08  0.80061549598041E+06  0.39984317646679E+09  0.13373603001212E+08  0.95876318761169E+08  0.41836983000786E+08  0.15776132537472E+11  0.12293759348745E+09  0.12321638932059E+08  0.12347096607387E+08  0.38636157973000E+08  0.10291993829730E+09  0.35034932404183E+09  0.17260755123680E+08  0.49053885038076E+08  0.15562294059946E+09 -0.23161892744426E+05 -0.51775827944238E+05  0.73691542708596E+03 -0.38604637163942E+06 -0.19242394749144E+07 -0.11256593074425E+05 -0.21101901609327E+05 -0.12779134582171E+03 -0.16069532932668E+05 -0.50478717453085E+04  0.11742911656070E+05 -0.14189570792361E+05 -0.44758119459971E+05
   0.24656635969774E+07  0.54674379462196E+07  0.16849993776268E+06  0.24286906897570E+07  0.50353992982184E+06  0.97572355217809E+06  0.57094946977436E+06  0.17660698717024E+08  0.23955042125790E+08  0.48256190360756E+06  0.73888853465337E+05  0.10549178847962E+07  0.98799783173616E+05  0.62434759822362E+04  0.31179981593756E+07  0.10433957197143E+06  0.74746413335354E+06  0.32613046544247E+06  0.12293759348745E+09  0.95877252335472E+06  0.96094681176282E+05  0.96293221906749E+05  0.30144742312604E+06  0.80281356586816E+06  0.27337689305453E+07  0.13469001132177E+06  0.38267582537271E+06  0.12142055051971E+07  0.00000000000000E+00  0.00000000000000E+00  0.00000000000000E+00  0.00000000000000E+00  0.00000000000000E+00  0.00000000000000E+00  0.00000000000000E+00  0.00000000000000E+00  0.00000000000000E+00  0.00000000000000E+00  0.00000000000000E+00  0.00000000000000E+00  0.00000000000000E+00
   0.24712551879404E+06  0.54798369112076E+06  0.16888205912360E+05  0.24341984341750E+06  0.50468184931344E+05  0.97793628184789E+05  0.57224425950133E+05  0.17700749356320E+07  0.24009366972551E+07  0.48365624947965E+05  0.74056417380305E+04  0.10573102100585E+06  0.99023839681332E+04  0.62576348333962E+03  0.31250691038273E+06  0.10457619152019E+05  0.74915922010356E+05  0.32687005869662E+05  0.12321638932059E+08  0.96094681176282E+05  0.96312603098606E+04  0.96511594076445E+04  0.30213104058669E+05  0.80463417314216E+05  0.27399685263320E+06  0.13499545909293E+05  0.38354365125518E+05  0.12169590602800E+06  0.00000000000000E+00  0.00000000000000E+00  0.00000000000000E+00  0.00000000000000E+00  0.00000000000000E+00  0.00000000000000E+00  0.00000000000000E+00  0.00000000000000E+00  0.00000000000000E+00  0.00000000000000E+00  0.00000000000000E+00  0.00000000000000E+00  0.00000000000000E+00
   0.24763610356749E+06  0.54911587742896E+06  0.16923098548426E+05  0.24392277191396E+06  0.50572456990722E+05  0.97995679101001E+05  0.57342657044608E+05  0.17737320784249E+07  0.24058972603148E+07  0.48465552918890E+05  0.74209424966391E+04  0.10594947132887E+06  0.99228432331240E+04  0.62705637007966E+03  0.31315257931574E+06  0.10479225585591E+05  0.75070705414572E+05  0.32754540325708E+05  0.12347096607387E+08  0.96293221906749E+05  0.96511594076445E+04  0.96710996188528E+04  0.30275527198806E+05  0.80629662370174E+05  0.27456295613238E+06  0.13527437252216E+05  0.38433608883605E+05  0.12194734131850E+06  0.00000000000000E+00  0.00000000000000E+00  0.00000000000000E+00  0.00000000000000E+00  0.00000000000000E+00  0.00000000000000E+00  0.00000000000000E+00  0.00000000000000E+00  0.00000000000000E+00  0.00000000000000E+00  0.00000000000000E+00  0.00000000000000E+00  0.00000000000000E+00
   0.76916841022530E+06  0.17226192683173E+07  0.52803744845942E+05  0.76361229505665E+06  0.15842872134303E+06  0.30705058100693E+06  0.17963380963936E+06  0.55568147984495E+07  0.75308399521768E+07  0.15158442435414E+06  0.23255237934792E+05  0.33170929239548E+06  0.31067801536149E+05  0.19629909680397E+04  0.98029560862120E+06  0.32806707485130E+05  0.23495631320328E+06  0.10251333108311E+06  0.38636157973000E+08  0.30144742312604E+06  0.30213104058669E+05  0.30275527198806E+05  0.94890257028791E+05  0.25267090172676E+06  0.85999990094443E+06  0.42373902692099E+05  0.12037152431593E+06  0.38181465459771E+06 -0.42491609404097E+02 -0.14734543654257E+02  0.50561313068490E+01  0.57005837443393E+03  0.37712463574795E+03  0.00000000000000E+00  0.00000000000000E+00  0.00000000000000E+00  0.00000000000000E+00  0.00000000000000E+00  0.00000000000000E+00 -0.25698073806897E+03 -0.15111776153069E+03
   0.20697847347580E+07  0.45819380968965E+07  0.14119035435089E+06  0.20368852577894E+07  0.42143472396580E+06  0.81810316210472E+06  0.47877103827862E+06  0.14812207522734E+08  0.20053024710930E+08  0.40330554781688E+06  0.62007374647306E+05  0.88355075817129E+06  0.82754165563087E+05  0.52277837893661E+04  0.26106454534290E+07  0.87371761813091E+05  0.62565058332214E+06  0.27298438814294E+06  0.10291993829730E+09  0.80281356586816E+06  0.80463417314216E+05  0.80629662370174E+05  0.25267090172676E+06  0.67310473406307E+06  0.22894169513806E+07  0.11284088181156E+06  0.32060663400464E+06  0.10166669130515E+07 -0.16121755616895E+03 -0.61796831539958E+02 -0.22996676794487E+01 -0.58896823142483E+04 -0.58808235939108E+04  0.00000000000000E+00  0.00000000000000E+00  0.00000000000000E+00  0.00000000000000E+00  0.00000000000000E+00  0.00000000000000E+00 -0.17088331146745E+04 -0.10015769460812E+04
   0.68794776717171E+07  0.15631775584351E+08  0.47626521880994E+06  0.69013586103070E+07  0.14405721462361E+07  0.27816878848101E+07  0.16257795859972E+07  0.50337284924842E+08  0.68306447330677E+08  0.13770243196924E+07  0.21056289481054E+06  0.30078750184393E+07  0.28170244705136E+06  0.17802200600733E+05  0.88908921612341E+07  0.29740715775182E+06  0.21316461713986E+07  0.93020748019753E+06  0.35034932404183E+09  0.27337689305453E+07  0.27399685263320E+06  0.27456295613238E+06  0.85999990094443E+06  0.22894169513806E+07  0.78033252360672E+07  0.38422618675313E+06  0.10913776468720E+07  0.34638971336772E+07  0.24797617973833E+03  0.80504339645117E+02 -0.35566523675272E+01  0.40821011698555E+05  0.43474855328762E+05  0.00000000000000E+00  0.00000000000000E+00  0.00000000000000E+00  0.00000000000000E+00  0.00000000000000E+00  0.00000000000000E+00  0.15639619594814E+04  0.10139014355472E+04
   0.34344615606639E+06  0.76928525342173E+06  0.23587250245449E+05  0.34080134264685E+06  0.70884620749476E+05  0.13721609477818E+06  0.80229330727882E+05  0.24828069698999E+07  0.33648105787001E+07  0.67746841210329E+05  0.10389922383870E+05  0.14819044128100E+06  0.13879033146101E+05  0.87710999533178E+03  0.43801909704169E+06  0.14655971050842E+05  0.10499307821901E+06  0.45813053887535E+05  0.17260755123680E+08  0.13469001132177E+06  0.13499545909293E+05  0.13527437252216E+05  0.42373902692099E+05  0.11284088181156E+06  0.38422618675313E+06  0.18942488246152E+05  0.53808793306008E+05  0.17065046098887E+06  0.00000000000000E+00 -0.76425387479983E+01  0.00000000000000E+00  0.00000000000000E+00  0.89493862865442E+03  0.00000000000000E+00  0.00000000000000E+00  0.00000000000000E+00  0.00000000000000E+00  0.00000000000000E+00  0.00000000000000E+00  0.00000000000000E+00 -0.13477853450951E+03
   0.98204225217504E+06  0.21838444021456E+07  0.67183208571594E+05  0.96985032830911E+06  0.20113870820739E+06  0.39000262169360E+06  0.22810169452599E+06  0.70587783001655E+07  0.95587791697344E+07  0.19235497167472E+06  0.29544744729051E+05  0.42100814506489E+06  0.39430989676675E+05  0.24920378192454E+04  0.12444661928024E+07  0.41639445140082E+05  0.29829023693807E+06  0.13016135951027E+06  0.49053885038076E+08  0.38267582537271E+06  0.38354365125518E+05  0.38433608883605E+05  0.12037152431593E+06  0.32060663400464E+06  0.10913776468720E+07  0.53808793306008E+05  0.15289995450625E+06  0.48471532147168E+06  0.00000000000000E+00 -0.33905531942611E+02  0.00000000000000E+00  0.00000000000000E+00 -0.19459217702348E+04  0.00000000000000E+00  0.00000000000000E+00  0.00000000000000E+00  0.00000000000000E+00  0.00000000000000E+00  0.00000000000000E+00  0.00000000000000E+00 -0.84065018539768E+03
   0.30860019531127E+07  0.69331730662770E+07  0.21237937415735E+06  0.30650480978487E+07  0.63978843739824E+06  0.12352674923687E+07  0.72196456244398E+06  0.22357482072829E+08  0.30338428911873E+08  0.61156337083632E+06  0.93523263972938E+05  0.13359627962384E+07  0.12512169081621E+06  0.79068041744207E+04  0.39488670499706E+07  0.13210088654444E+06  0.94675852210881E+06  0.41313780388484E+06  0.15562294059946E+09  0.12142055051971E+07  0.12169590602800E+06  0.12194734131850E+06  0.38181465459771E+06  0.10166669130515E+07  0.34638971336772E+07  0.17065046098887E+06  0.48471532147168E+06  0.15386884737541E+07  0.00000000000000E+00  0.56626215883632E+02  0.00000000000000E+00  0.00000000000000E+00  0.24271436694316E+05  0.00000000000000E+00  0.00000000000000E+00  0.00000000000000E+00  0.00000000000000E+00  0.00000000000000E+00  0.00000000000000E+00  0.00000000000000E+00  0.67500715796308E+03
  -0.13875190411387E+06  0.16997601627161E+05 -0.37271110231534E+04 -0.13320618186747E+05  0.19993856362172E+04 -0.19616872403011E+04 -0.19229562053179E+04 -0.65292626841707E+05  0.11474323629548E+05  0.26907756888174E+04 -0.39841523941750E+03 -0.96615715083035E+03 -0.13639068106211E+03  0.63756074415975E-01 -0.29008483024442E+04  0.55397064625034E+03 -0.26635510467290E+04 -0.19059865873948E+04 -0.23161892744426E+05  0.00000000000000E+00  0.00000000000000E+00  0.00000000000000E+00 -0.42491609404097E+02 -0.16121755616895E+03  0.24797617973833E+03  0.00000000000000E+00  0.00000000000000E+00  0.00000000000000E+00  0.11763104382300E+06  0.00000000000000E+00  0.00000000000000E+00  0.00000000000000E+00  0.00000000000000E+00  0.00000000000000E+00  0.00000000000000E+00  0.00000000000000E+00  0.00000000000000E+00  0.00000000000000E+00  0.00000000000000E+00  0.00000000000000E+00  0.00000000000000E+00
  -0.58819147510940E+05  0.83952295985141E+04 -0.15743368864970E+04 -0.22164372595365E+05  0.33779260480044E+04 -0.30430024653471E+04 -0.30424728549246E+04 -0.52433783934271E+05  0.10902014849706E+05  0.18509137493524E+04 -0.30215357093799E+03 -0.95284875152778E-01 -0.99153549594210E-02 -0.40673318191425E-04 -0.19051400896966E+04  0.34853540360792E+03 -0.17275699571964E+04 -0.12025654687754E+04 -0.51775827944238E+05  0.00000000000000E+00  0.00000000000000E+00  0.00000000000000E+00 -0.14734543654257E+02 -0.61796831539958E+02  0.80504339645117E+02 -0.76425387479983E+01 -0.33905531942611E+02  0.56626215883632E+02  0.00000000000000E+00  0.65578733990285E+05  0.00000000000000E+00  0.00000000000000E+00  0.00000000000000E+00  0.00000000000000E+00  0.00000000000000E+00  0.00000000000000E+00  0.00000000000000E+00  0.00000000000000E+00  0.00000000000000E+00  0.00000000000000E+00  0.00000000000000E+00
  -0.62969668805963E+04 -0.14242799119131E+03 -0.11768982801638E+02 -0.19836136808549E+03 -0.50330696820341E+02  0.59849418272766E+02  0.91326087856984E+02 -0.76240514689044E+05  0.25856144317393E+05  0.74944673153125E+03 -0.31540234116846E+03 -0.67272186379234E+03 -0.25611284827318E+02 -0.55372537096311E+01 -0.25144666262265E+04  0.29498484938767E+03 -0.24674538082016E+04 -0.12488281385305E+04  0.73691542708596E+03  0.00000000000000E+00  0.00000000000000E+00  0.00000000000000E+00  0.50561313068490E+01 -0.22996676794487E+01 -0.35566523675272E+01  0.00000000000000E+00  0.00000000000000E+00  0.00000000000000E+00  0.00000000000000E+00  0.00000000000000E+00  0.30921758274364E+05  0.00000000000000E+00  0.00000000000000E+00  0.00000000000000E+00  0.00000000000000E+00  0.00000000000000E+00  0.00000000000000E+00  0.00000000000000E+00  0.00000000000000E+00  0.00000000000000E+00  0.00000000000000E+00
  -0.90986741139313E+06  0.21342104230365E+06 -0.24654333570419E+05 -0.68450349069604E+05  0.11804890839850E+05 -0.59040743566053E+04 -0.77615407854713E+04 -0.30964541973069E+06  0.68137356973907E+05  0.10709488663996E+05 -0.17451572836216E+04 -0.44893273437904E+04 -0.50117081161451E+03 -0.63784267691434E+00  0.19704457366266E+04 -0.14716328797711E+03  0.20986335626491E+04  0.96547798478725E+03 -0.38604637163942E+06  0.00000000000000E+00  0.00000000000000E+00  0.00000000000000E+00  0.57005837443393E+03 -0.58896823142483E+04  0.40821011698555E+05  0.00000000000000E+00  0.00000000000000E+00  0.00000000000000E+00  0.00000000000000E+00  0.00000000000000E+00  0.00000000000000E+00  0.58567696363252E+06  0.00000000000000E+00  0.00000000000000E+00  0.00000000000000E+00  0.00000000000000E+00  0.00000000000000E+00  0.00000000000000E+00  0.00000000000000E+00  0.00000000000000E+00  0.00000000000000E+00
  -0.11792691882022E+07  0.26983406061936E+06 -0.32125268603734E+05 -0.35834500883639E+06  0.63431940328207E+05 -0.28047191286327E+05 -0.40613016485265E+05 -0.60137733607276E+06  0.12804943398889E+06  0.22050430791147E+05 -0.34265095922409E+04 -0.19414231022111E+02 -0.15005982367361E+01 -0.29120376162522E-02  0.44254439211349E+04 -0.50401495029051E+03  0.45581026005251E+04  0.25064516214045E+04 -0.19242394749144E+07  0.00000000000000E+00  0.00000000000000E+00  0.00000000000000E+00  0.37712463574795E+03 -0.58808235939108E+04  0.43474855328762E+05  0.89493862865442E+03 -0.19459217702348E+04  0.24271436694316E+05  0.00000000000000E+00  0.00000000000000E+00  0.00000000000000E+00  0.00000000000000E+00  0.93287410561770E+06  0.00000000000000E+00  0.00000000000000E+00  0.00000000000000E+00  0.00000000000000E+00  0.00000000000000E+00  0.00000000000000E+00  0.00000000000000E+00  0.00000000000000E+00
  -0.21553178810631E+05  0.57122718390838E+04 -0.59989570860357E+03 -0.13341382674535E+04  0.30878078228952E+03  0.36692116820316E+02 -0.11356517373003E+03 -0.76167549365382E+05  0.22682139611761E+05  0.14313209516880E+04 -0.36610454308773E+03 -0.20713298397009E+04 -0.12618350253779E+03 -0.26623353063751E+01 -0.14483350242559E+04  0.15464851662165E+03 -0.11821620485194E+04 -0.60581924758945E+03 -0.11256593074425E+05  0.00000000000000E+00  0.00000000000000E+00  0.00000000000000E+00  0.00000000000000E+00  0.00000000000000E+00  0.00000000000000E+00  0.00000000000000E+00  0.00000000000000E+00  0.00000000000000E+00  0.00000000000000E+00  0.00000000000000E+00  0.00000000000000E+00  0.00000000000000E+00  0.00000000000000E+00  0.13824099662740E+05  0.00000000000000E+00  0.00000000000000E+00  0.00000000000000E+00  0.00000000000000E+00  0.00000000000000E+00  0.00000000000000E+00  0.00000000000000E+00
  -0.48932803645582E+05  0.13154071100930E+05 -0.13656685950921E+04 -0.24836080829244E+04  0.55565781287519E+03  0.35625879618299E+02 -0.20872849754376E+03 -0.17191243209388E+06  0.51298316099277E+05  0.31768856733358E+04 -0.82605724169915E+03 -0.48695573594997E+02 -0.12243563532585E+02 -0.97314994177938E-05 -0.29025309905714E+04  0.30808146322951E+03 -0.23765433098328E+04 -0.12174337642745E+04 -0.21101901609327E+05  0.00000000000000E+00  0.00000000000000E+00  0.00000000000000E+00  0.00000000000000E+00  0.00000000000000E+00  0.00000000000000E+00  0.00000000000000E+00  0.00000000000000E+00  0.00000000000000E+00  0.00000000000000E+00  0.00000000000000E+00  0.00000000000000E+00  0.00000000000000E+00  0.00000000000000E+00  0.00000000000000E+00  0.30676120859574E+05  0.00000000000000E+00  0.00000000000000E+00  0.00000000000000E+00  0.00000000000000E+00  0.00000000000000E+00  0.00000000000000E+00
  -0.33729328810078E+04  0.42515490485808E+03 -0.81497711586041E+02 -0.68039719391231E+02  0.83178625261595E+01 -0.13602774341974E+02 -0.98723839942976E+01 -0.15182807870185E+04  0.20447855284759E+03  0.43984692359106E+02 -0.97828007227099E+01 -0.72779691867715E+02 -0.56640413698128E+01 -0.12444421027439E+00 -0.74558565567910E+03  0.85050350068574E+02 -0.60933452194531E+03 -0.33947766181838E+03 -0.12779134582171E+03  0.00000000000000E+00  0.00000000000000E+00  0.00000000000000E+00  0.00000000000000E+00  0.00000000000000E+00  0.00000000000000E+00  0.00000000000000E+00  0.00000000000000E+00  0.00000000000000E+00  0.00000000000000E+00  0.00000000000000E+00  0.00000000000000E+00  0.00000000000000E+00  0.00000000000000E+00  0.00000000000000E+00  0.00000000000000E+00  0.38067950465187E+04  0.00000000000000E+00  0.00000000000000E+00  0.00000000000000E+00  0.00000000000000E+00  0.00000000000000E+00
  -0.93286356628894E+04  0.23882215411210E+04 -0.25719969215492E+03 -0.24594314951068E+04  0.45203940785155E+03 -0.15084926448946E+03 -0.26798259032786E+03  0.69227869032996E+03 -0.13618580123411E+04  0.11401064501502E+03 -0.86875942067433E+01 -0.15382589335812E+01 -0.15368485046663E+00 -0.14772774394918E-02 -0.29944458443037E+04  0.47568715029803E+03 -0.25898618466267E+04 -0.16999731971668E+04 -0.16069532932668E+05  0.00000000000000E+00  0.00000000000000E+00  0.00000000000000E+00  0.00000000000000E+00  0.00000000000000E+00  0.00000000000000E+00  0.00000000000000E+00  0.00000000000000E+00  0.00000000000000E+00  0.00000000000000E+00  0.00000000000000E+00  0.00000000000000E+00  0.00000000000000E+00  0.00000000000000E+00  0.00000000000000E+00  0.00000000000000E+00  0.00000000000000E+00  0.81554635658502E+04  0.00000000000000E+00  0.00000000000000E+00  0.00000000000000E+00  0.00000000000000E+00
  -0.32878618998150E+04  0.75509568412393E+03 -0.90444624564246E+02 -0.95675848217262E+03  0.16738583894954E+03 -0.82698788564295E+02 -0.11342709987095E+03  0.45217117329994E+03 -0.74157796418925E+03  0.51430154621075E+02 -0.41803098887798E+01 -0.66708650121419E+00 -0.60672808919391E-01 -0.81295513105594E-03 -0.15748945724930E+04  0.23219017018588E+03 -0.13892029262065E+04 -0.87318878919463E+03 -0.50478717453085E+04  0.00000000000000E+00  0.00000000000000E+00  0.00000000000000E+00  0.00000000000000E+00  0.00000000000000E+00  0.00000000000000E+00  0.00000000000000E+00  0.00000000000000E+00  0.00000000000000E+00  0.00000000000000E+00  0.00000000000000E+00  0.00000000000000E+00  0.00000000000000E+00  0.00000000000000E+00  0.00000000000000E+00  0.00000000000000E+00  0.00000000000000E+00  0.00000000000000E+00  0.41791212304375E+04  0.00000000000000E+00  0.00000000000000E+00  0.00000000000000E+00
  -0.22854265391079E+05 -0.20308177273780E+04 -0.17379534362388E+03 -0.11391940455951E+05  0.44657676187362E+03 -0.28957868984941E+04 -0.12428172536914E+04 -0.29724986896451E+06  0.11746968280705E+06  0.32067102316533E+04 -0.10614927216679E+04  0.17846012332461E+03  0.19637709976780E+02 -0.20514457053271E+01 -0.22042290464151E+04 -0.37364284674228E+03  0.13872889358169E+04  0.15330388124921E+04  0.11742911656070E+05  0.00000000000000E+00  0.00000000000000E+00  0.00000000000000E+00  0.00000000000000E+00  0.00000000000000E+00  0.00000000000000E+00  0.00000000000000E+00  0.00000000000000E+00  0.00000000000000E+00  0.00000000000000E+00  0.00000000000000E+00  0.00000000000000E+00  0.00000000000000E+00  0.00000000000000E+00  0.00000000000000E+00  0.00000000000000E+00  0.00000000000000E+00  0.00000000000000E+00  0.00000000000000E+00  0.12960492533832E+06  0.00000000000000E+00  0.00000000000000E+00
