# fitpack15: fit parameters                                                                         
# CJ15 AV18 final data choices                                                                      
# Created on 03/19/2019 at 19:03:15                                                                 

 # QCD setup
  INS                           0
  NVL                          11
  IORD                          1
  Q02                   1.6899999999999999     
  IPARAMC                       7
  FLAVOR                4.0000000000000000     
  xmc                   1.3000000000000000     
  xmb                   4.5000000000000000     
  ncb                          12
  ihq                           1
  ias                           0

 # Theory corrections
  inuke                     10814
  itmc                          1
  iht                           1

 # fit parameters
 LAMBDA       0.22680        0.0000    
 a0uv          2.4569        0.0000    
 a1uv         0.61993       0.25435E-01
 a2uv          3.5557       0.15518E-01
 a3uv          0.0000        0.0000    
 a4uv          3.3862       0.55232    
 a5uv          0.0000        0.0000    
 a0dv          22.331        0.0000    
 a1dv          1.1239       0.65380E-01
 a2dv          6.6249       0.19960    
 a3dv         -3.6325       0.11040    
 a4dv          5.0497       0.30282    
 a5dv          0.0000        0.0000    
 a0ud         0.14266       0.56142E-02
 a1ud        -0.21059       0.42212E-02
 a2ud          8.6251       0.24241    
 a3ud          0.0000        0.0000    
 a4ud          16.308        1.7377    
 a5ud          0.0000        0.0000    
 a0du          35712.        0.0000    
 a1du          3.9585       0.84649E-01
 a2du          20.366       0.93905    
 a3du          17.000        0.0000    
 a4du          44.748        8.2159    
 a0g           51.517        0.0000    
 a1g          0.62376       0.32837E-01
 a2g           6.8466       0.98687    
 a3g          -3.4535       0.14161    
 a4g           3.4833       0.35661    
 a5g           0.0000        0.0000    
 kappa        0.40000        0.0000    
 a6dv        -0.65794E-02   0.22301E-02
 a7dv          2.0000        0.0000    
 off1        -0.78811        3.0978    
 off2         0.17596E-01   0.29224    
 ht1          -3.0685       0.23764    
 ht2           1.8407       0.10836    
 ht3          -2.1072       0.27331E-01
 ht4           0.0000        0.0000    
 dummy40       0.0000        0.0000    
 dummy41       0.0000        0.0000    
 dummy42       0.0000        0.0000    
 dummy43       0.0000        0.0000    
 dummy44       0.0000        0.0000    
 dummy45       0.0000        0.0000    
 dummy46       0.0000        0.0000    
 dummy47       0.0000        0.0000    
 dummy48       0.0000        0.0000    
 dummy49       0.0000        0.0000    
 bcdmsh2      0.97110       0.48215E-02
 bcdmsd2      0.99333       0.57531E-02
 ccfr          1.0000        0.0000    
 nutev         1.0000        0.0000    
 zeus         0.97998        0.0000    
 h1            1.0162        0.0000    
 e605          1.0319        0.0000    
 NmcH2         1.0094       0.71965E-02
 ntv_nu        1.0000        0.0000    
 ntv_nubar     1.0000        0.0000    
 cdf_jet      0.98910        0.0000    
 d0_jet       0.83504        0.0000    
 slac_p        1.0024       0.47438E-02
 slac_d        1.0040       0.51834E-02
 e866pp       0.95345       0.21894E-01
 e866pd       0.96480       0.18495E-01
 d0_gamjet     1.0378       0.16511E-01
 h1b          0.97608        0.0000    
 jlab_p       0.99306       0.56714E-02
 jlab_d       0.97639       0.58057E-02
 blank         1.0000        0.0000    
 d0run2       0.94526       0.14300E-01
 cdfrun2      0.92982       0.17234E-01
 HERA_el       1.0000        0.0000    
 HERA_ps       1.0000        0.0000    
 CDF_Z        0.96525       0.62532E-02
 NmcRat        1.0000        0.0000    
 BNS_F2nd     0.98370       0.11126E-01
 HERMES_F2p   0.99656       0.55241E-02
 HERMES_F2d   0.98009       0.57651E-02
 e03103_p     0.99748       0.52125E-02
 e03103_d     0.98010       0.54631E-02
 END 0. 0.

 # Hessian matrix (Bevington alpha)
   0.57808099074176E+07 -0.15851404875601E+07  0.28559902443405E+06  0.10684461292183E+07 -0.20452888866908E+06  0.22763390358576E+05  0.10673738139484E+06  0.11823852974007E+07 -0.16864846582528E+06 -0.62063427337035E+05  0.91729139928633E+04  0.12080714195250E+05  0.14103298864778E+04 -0.21733959615282E+02  0.42948711120064E+05 -0.54137125011781E+04  0.41018830729563E+05  0.23079781881413E+05 -0.95459322100457E+07 -0.35977904936776E+04 -0.44085085045445E+05 -0.14809019390618E+05  0.20323218737222E+05 -0.13590627144580E+06 -0.12679809294949E+06 -0.53739143585492E+05 -0.42582420510610E+04 -0.83910399168981E+06 -0.10865404593315E+07 -0.20822689966458E+05 -0.46458611906980E+05 -0.30661536236399E+04 -0.19861604901869E+06 -0.22465110304549E+06 -0.90490774844328E+04 -0.32065740146217E+04 -0.14655682406457E+05  0.16299923118690E+05 -0.70321782737568E+05 -0.55412146966055E+05 -0.30893301038283E+06 -0.52542473325780E+06
  -0.15851404875601E+07  0.50815753895770E+06 -0.80452858794681E+05 -0.26264383094665E+06  0.53018592172710E+05  0.72724312582281E+04 -0.20135864716094E+05 -0.16611012094916E+06  0.25977254582475E+05  0.99172055538656E+04 -0.12422893826875E+04 -0.80899017129122E+03 -0.10004424236887E+03  0.14175698083117E+01 -0.40389059484306E+04  0.34462507897335E+03 -0.41857660985886E+04 -0.20269679943382E+04  0.30942668857555E+07  0.11907090921997E+04  0.12292054082510E+05  0.85778209887362E+04  0.27519074745973E+04  0.42177625616904E+05  0.16600187670179E+05  0.82417280941205E+04 -0.24762368227814E+03  0.20994838852322E+06  0.26600687522770E+06  0.59028923270969E+04  0.13294316998366E+05  0.41997718964154E+03  0.63665652247884E+05  0.71720580781856E+05  0.24698776470696E+04  0.78490631960816E+03 -0.23861900642854E+04 -0.22505276939938E+04  0.85475737388362E+04  0.72099912070626E+04  0.80348275410678E+05  0.13561971788792E+06
   0.28559902443405E+06 -0.80452858794681E+05  0.14240109533897E+05  0.52114244079832E+05 -0.10156336714768E+05  0.55599674836299E+03  0.50204616120737E+04  0.45142550282907E+05 -0.58117606918897E+04 -0.26916876141888E+04  0.35782842260808E+03  0.32067693330115E+03  0.48252663481894E+02 -0.12288624395339E+01  0.12428144804332E+04 -0.15812226025511E+03  0.12489458665431E+04  0.69678373158063E+03 -0.48547575614117E+06 -0.18401691374041E+03 -0.21978731682918E+04 -0.87540278576004E+03  0.63797022460376E+03 -0.69677855609262E+04 -0.56480947933498E+04 -0.24153094673615E+04  0.56277488627750E+02 -0.39966081318832E+05 -0.52042973069434E+05 -0.10415388988207E+04 -0.23331962965057E+04 -0.12061995090537E+03 -0.10176229742425E+05 -0.11496606828089E+05 -0.44355783147695E+03 -0.15441127333369E+03  0.65272244741075E+02  0.73072856724589E+03 -0.26035030621316E+04 -0.21147239892908E+04 -0.15400880455776E+05 -0.26283337328903E+05
   0.10684461292183E+07 -0.26264383094665E+06  0.52114244079832E+05  0.31562172713588E+06 -0.57821815584644E+05  0.18476843987287E+05  0.37253400482606E+05  0.30209137675243E+06 -0.43522677010319E+05 -0.16382838597869E+05  0.23453832699888E+04  0.99854893086115E+03  0.87155520159917E+02  0.48504633053671E+01  0.90225527266196E+04 -0.10825525581597E+04  0.79403147202875E+04  0.44467399342691E+04 -0.21669412539198E+07 -0.90644511056153E+03 -0.13766209183156E+05  0.12857664131862E+04  0.12982946071413E+05 -0.70609014773893E+04 -0.13191151932994E+05 -0.21863671387666E+05 -0.14471148559707E+03 -0.70019844940734E+05 -0.35880058451291E+06 -0.16089081812638E+04 -0.26897370625461E+04 -0.76475458810832E+02 -0.12783665646713E+05 -0.56519957067164E+05 -0.26415392106451E+04 -0.10232759331201E+04 -0.10254914684314E+05 -0.16273966652669E+05 -0.74959021741325E+04 -0.22099302859018E+05 -0.24873950919407E+05 -0.16578712273137E+06
  -0.20452888866908E+06  0.53018592172710E+05 -0.10156336714768E+05 -0.57821815584644E+05  0.11246531623632E+05 -0.15961568720744E+04 -0.62407924529122E+04 -0.31726225825812E+05  0.27383435123890E+04  0.23349348167383E+04 -0.26702176580492E+03 -0.19566188910503E+03 -0.13878501107390E+02 -0.68948335022193E+00 -0.72912145796725E+03  0.68866501810124E+02 -0.67508158426324E+03 -0.33699747235310E+03  0.44344763820947E+06  0.19310062490638E+03  0.26472483934131E+04  0.86836707066527E+02 -0.15659374149795E+04  0.22250524689803E+04  0.19826102999827E+04  0.33240425159400E+04 -0.49560629496976E+02  0.11621909397577E+05  0.61103836576650E+05  0.34438563509015E+03  0.55948054255030E+03  0.94431673243607E+01  0.28295604184855E+04  0.12398358341919E+05  0.45957953994573E+03  0.17176228230502E+03  0.41533446129222E+03  0.24828762675369E+04  0.81502437303356E+03  0.24989040325174E+04  0.49239384298091E+04  0.33746445540022E+05
   0.22763390358576E+05  0.72724312582281E+04  0.55599674836299E+03  0.18476843987287E+05 -0.15961568720744E+04  0.70402061116823E+04  0.44482747488606E+04  0.72711201313412E+05 -0.12845273433530E+05 -0.28497871462324E+04  0.54271506800459E+03  0.91664240775543E+02  0.12050399657651E+02  0.16507764125197E+01  0.21845948120839E+04 -0.33994114578132E+03  0.18350998838168E+04  0.11997947426880E+04  0.74384020724343E+05  0.57952468341370E+02 -0.31995902872653E+03  0.12176993764518E+04  0.31843277253352E+04  0.21753596880502E+04 -0.23443846097598E+04 -0.35311476815589E+04  0.10516115876265E+03 -0.63548339564233E+04 -0.30121652058999E+05  0.61522143685627E+02  0.76459049634750E+02 -0.17423919048266E+02  0.81363522974013E+03  0.33644479288403E+04 -0.16543975469589E+03 -0.96803229959652E+02 -0.31521177828620E+04 -0.27451707950383E+04 -0.17171497313751E+04 -0.48789386255657E+04 -0.40081695926424E+03 -0.92489039845259E+03
   0.10673738139484E+06 -0.20135864716094E+05  0.50204616120737E+04  0.37253400482606E+05 -0.62407924529122E+04  0.44482747488606E+04  0.54444009779418E+04  0.45215621186963E+05 -0.56856813812526E+04 -0.25074266348474E+04  0.36331417431996E+03  0.15543747428022E+03  0.13212241925020E+02  0.10630480460234E+01  0.11312990125668E+04 -0.16370064173030E+03  0.90763440609204E+03  0.57147499879530E+03 -0.16079185672347E+06 -0.57609944280289E+02 -0.14127655221854E+04  0.66593446480000E+03  0.24436558782183E+04  0.11444045241516E+03 -0.22207140080211E+04 -0.34523454279929E+04  0.11440713898103E+03 -0.85985704079580E+04 -0.44347922016400E+05 -0.13831163637340E+03 -0.22392443449447E+03 -0.12577521503635E+02 -0.75267579550967E+03 -0.34640927605784E+04 -0.30674795068767E+03 -0.13250908236376E+03 -0.13532911261846E+04 -0.27949518756728E+04 -0.10720236792092E+04 -0.31634702082490E+04 -0.25571487944900E+04 -0.16447421981176E+05
   0.11823852974007E+07 -0.16611012094916E+06  0.45142550282907E+05  0.30209137675243E+06 -0.31726225825812E+05  0.72711201313412E+05  0.45215621186963E+05  0.52078828578712E+07 -0.23982020432086E+07 -0.84781863167257E+05  0.24111711212985E+05  0.32558566161337E+05  0.21504006074012E+04  0.94665787918359E+02  0.67032181555583E+05 -0.86730371291801E+04  0.68483491906374E+05  0.37139087094587E+05 -0.62434681321543E+06  0.14031850903837E+03 -0.56726227186765E+04  0.13354485885584E+05  0.52918203367413E+05  0.17881348449210E+05 -0.60236530554510E+05 -0.48911700510547E+05 -0.68968848163345E+05 -0.28173139397209E+06 -0.55870595273989E+06 -0.75202407148602E+05 -0.16668287831525E+06 -0.13260851801043E+04 -0.50723876808657E+04 -0.99582955433292E+04  0.31913114276455E+03  0.27627318831126E+03 -0.27153450453044E+06 -0.84807570097730E+04 -0.14011398557902E+06 -0.17564368824315E+06 -0.31227121696602E+05 -0.72704251155326E+05
  -0.16864846582528E+06  0.25977254582475E+05 -0.58117606918897E+04 -0.43522677010319E+05  0.27383435123890E+04 -0.12845273433530E+05 -0.56856813812526E+04 -0.23982020432086E+07  0.19336751586758E+07  0.19480933758896E+05 -0.62672152659706E+04 -0.62991197784336E+04 -0.32676015339353E+03 -0.24286175413823E+02  0.46904521175691E+05 -0.21533952963465E+04  0.14662911334838E+05  0.70973250910877E+04  0.36756541105602E+05 -0.78018029235403E+02  0.28377599316642E+03 -0.30433615503126E+04 -0.12640878190712E+05 -0.54617541272319E+04  0.11095094341724E+05  0.10671291170336E+05  0.24277470018178E+05  0.64577254717689E+05  0.12424446747937E+06  0.23477723294807E+05  0.52182594955708E+05  0.16899256170306E+03  0.55140877969821E+03  0.11107554695638E+04 -0.12536476635242E+04 -0.69479260894182E+03  0.11261002561486E+06  0.15308877279798E+04  0.44209355965542E+05  0.54901895710178E+05  0.45138222211007E+04  0.10194430517813E+05
  -0.62063427337035E+05  0.99172055538656E+04 -0.26916876141888E+04 -0.16382838597869E+05  0.23349348167383E+04 -0.28497871462324E+04 -0.25074266348474E+04 -0.84781863167257E+05  0.19480933758896E+05  0.25274907858877E+04 -0.55911587540710E+03 -0.82422665698224E+03 -0.70952766887884E+02 -0.69413817201181E+00 -0.32003167635123E+04  0.39088629598413E+03 -0.27433352801911E+04 -0.15664007130702E+04  0.55431607920472E+05  0.11192903966142E+02  0.46854190669013E+03 -0.45372123950355E+03 -0.17261512450222E+04 -0.12981417287966E+03  0.26331524323263E+04  0.18302131672830E+04  0.72555569686064E+03  0.10478042485842E+05  0.21855159599360E+05  0.15129398335472E+04  0.32769823675303E+04  0.41849615728153E+02  0.49352942574897E+03  0.93560770009203E+03  0.12350073390512E+03  0.55781121051068E+02  0.30990465807616E+04  0.42009599118581E+03  0.27419405092706E+04  0.35153208629303E+04  0.21026759269746E+04  0.51840385781351E+04
   0.91729139928633E+04 -0.12422893826875E+04  0.35782842260808E+03  0.23453832699888E+04 -0.26702176580492E+03  0.54271506800459E+03  0.36331417431996E+03  0.24111711212985E+05 -0.62672152659706E+04 -0.55911587540710E+03  0.14764644112495E+03  0.23034992831093E+03  0.16458128607613E+02  0.45367236332217E+00  0.98039107587014E+03 -0.10714904030061E+03  0.80529067549645E+03  0.44031125191553E+03 -0.54411264078490E+04  0.45800509993106E+00 -0.49076895871319E+02  0.88765892571461E+02  0.34418280359305E+03  0.10449251003857E+03 -0.43121744523099E+03 -0.32914619278005E+03 -0.32460750995918E+03 -0.18577512046045E+04 -0.37252457008830E+04 -0.41562038101272E+03 -0.92089669031258E+03 -0.10088012898256E+02 -0.38747939610212E+02 -0.75970130046257E+02 -0.12032139420830E+02 -0.57693885375650E+01 -0.11010833286171E+04 -0.60505924006122E+02 -0.77265856582310E+03 -0.97542646109230E+03 -0.23204576102985E+03 -0.54153781456123E+03
   0.12080714195250E+05 -0.80899017129122E+03  0.32067693330115E+03  0.99854893086115E+03 -0.19566188910503E+03  0.91664240775543E+02  0.15543747428022E+03  0.32558566161337E+05 -0.62991197784336E+04 -0.82422665698224E+03  0.23034992831093E+03  0.20994022441074E+04  0.12941999546087E+03  0.14502213485565E+01  0.21896888150179E+04 -0.28563992654747E+03  0.21813983138624E+04  0.12363618614546E+04 -0.72346349035476E+04 -0.62153254128690E+01 -0.22038556798354E+02  0.49900340727843E+02  0.30574830329483E+03 -0.30315093214621E+03 -0.12064250193661E+04  0.16857596645627E-10 -0.88363944144146E+03 -0.54701817708126E+04  0.10590298018495E-08 -0.28209403055340E+04 -0.71474161596054E+02 -0.89998038135897E+02 -0.17541768186182E+00  0.19440005384051E-10 -0.18974425393566E+01 -0.82970468682957E+00  0.33004652016167E+03  0.31476408676117E+03 -0.31251400929115E+04 -0.13284348857439E-09 -0.73689328151135E+02 -0.17383989071686E-09
   0.14103298864778E+04 -0.10004424236887E+03  0.48252663481894E+02  0.87155520159917E+02 -0.13878501107390E+02  0.12050399657651E+02  0.13212241925020E+02  0.21504006074012E+04 -0.32676015339353E+03 -0.70952766887884E+02  0.16458128607613E+02  0.12941999546087E+03  0.11126093709737E+02 -0.61809307998918E-01  0.13237877070475E+03 -0.19556462642418E+02  0.13553118824386E+03  0.81800223448081E+02 -0.46222838719276E+03 -0.41023891908511E+00  0.11149981648424E+01  0.72026347783885E+01  0.34663591939570E+02 -0.30948918742970E+02 -0.17534198000130E+03  0.59327672040192E-12 -0.32571250963581E+02 -0.62696971215491E+03  0.54670495505446E-10 -0.16998208891817E+03 -0.18638107511438E+02 -0.69817353163628E+01 -0.12656026741866E+00  0.52554353752129E-11 -0.19304984607460E+00 -0.76287837950663E-01  0.32092355020570E+02  0.70240817453922E+02 -0.21665564237867E+03 -0.12307820847191E-10 -0.25410018004951E+02  0.28898436935673E-11
  -0.21733959615282E+02  0.14175698083117E+01 -0.12288624395339E+01  0.48504633053671E+01 -0.68948335022193E+00  0.16507764125197E+01  0.10630480460234E+01  0.94665787918359E+02 -0.24286175413823E+02 -0.69413817201181E+00  0.45367236332217E+00  0.14502213485565E+01 -0.61809307998918E-01  0.54051660954608E-01  0.93539925839871E+01 -0.41653838229153E+00  0.41350797017119E+01  0.14537166715065E+01 -0.18983567054472E+02 -0.58026573879122E-02 -0.90274961571163E+00  0.36089727291631E-01  0.20256884713980E+00  0.37344699088990E+00  0.67493869435257E-01  0.47742209337978E-12 -0.88576477124153E+01 -0.18354851998133E+01  0.25352837648532E-11 -0.61123780263982E+01 -0.13397440413344E-03 -0.22045227145144E+00 -0.45404144813289E-11 -0.37850422108119E-12 -0.26698658242242E-02 -0.14649390414006E-02 -0.17555738388677E+01  0.52934828173977E-03 -0.57151415245938E+01 -0.79998791763274E-12 -0.40531855875744E-05 -0.14286140927284E-11
   0.42948711120064E+05 -0.40389059484306E+04  0.12428144804332E+04  0.90225527266196E+04 -0.72912145796725E+03  0.21845948120839E+04  0.11312990125668E+04  0.67032181555583E+05  0.46904521175691E+05 -0.32003167635123E+04  0.98039107587014E+03  0.21896888150179E+04  0.13237877070475E+03  0.93539925839871E+01  0.44979974476448E+05 -0.41176848114232E+04  0.31333311876429E+05  0.16414072584530E+05 -0.23797696489570E+05  0.10386251916640E+02  0.17211993441478E+03 -0.68901661736506E+02 -0.26922623237034E+03  0.60286859264717E+03 -0.27179360495193E+04 -0.17693982946862E+04 -0.24745741744749E+04  0.19904315446646E+04  0.43063693727727E+04 -0.15630673189346E+04 -0.29591088941514E+04 -0.72565042162413E+03  0.24218050175620E+03  0.42961929346551E+03 -0.28670338187240E+04 -0.15270743304800E+04 -0.23594958249480E+04  0.19218907750813E+03 -0.88076533994026E+03 -0.98856599930294E+03  0.78146849476821E+03  0.24571085523126E+04
  -0.54137125011781E+04  0.34462507897335E+03 -0.15812226025511E+03 -0.10825525581597E+04  0.68866501810124E+02 -0.33994114578132E+03 -0.16370064173030E+03 -0.86730371291801E+04 -0.21533952963465E+04  0.39088629598413E+03 -0.10714904030061E+03 -0.28563992654747E+03 -0.19556462642418E+02 -0.41653838229153E+00 -0.41176848114232E+04  0.44509197054163E+03 -0.32852670733510E+04 -0.18005695429932E+04  0.16081500800582E+04 -0.23838839736974E+01 -0.29825493196629E+02 -0.35274997592906E+00  0.48133134433821E+01 -0.14664287029159E+03  0.49890876988097E+03  0.31090883014507E+03  0.28723085734201E+03 -0.16638246798651E+03 -0.49782164455025E+03  0.16242962507551E+03  0.30662018804816E+03  0.80414798159331E+02 -0.64118245240792E+02 -0.11219604520865E+03  0.43544472224552E+03  0.21618086713409E+03 -0.29954830111123E+03 -0.34363484270715E+02  0.24692473810836E+03  0.27593142826862E+03 -0.16859651134570E+03 -0.56122482506441E+03
   0.41018830729563E+05 -0.41857660985886E+04  0.12489458665431E+04  0.79403147202875E+04 -0.67508158426324E+03  0.18350998838168E+04  0.90763440609204E+03  0.68483491906374E+05  0.14662911334838E+05 -0.27433352801911E+04  0.80529067549645E+03  0.21813983138624E+04  0.13553118824386E+03  0.41350797017119E+01  0.31333311876429E+05 -0.32852670733510E+04  0.24928590498562E+05  0.13451935322415E+05 -0.25657171885125E+05  0.62054155787718E+01  0.14479516165758E+03 -0.12515159474787E+03 -0.36683751871795E+03  0.32282209451770E+03 -0.24049092163681E+04 -0.15570979221523E+04 -0.25123332765765E+04  0.21600962515699E+04  0.44095006006608E+04 -0.13189301461553E+04 -0.25065342503948E+04 -0.59897636603478E+03  0.49514408385693E+02  0.99882831151493E+02 -0.24503489375628E+04 -0.13390256438847E+04  0.99233051289188E+03  0.20065984243592E+03 -0.15080077624073E+04 -0.16701952454515E+04  0.50510930651889E+03  0.12558468468239E+04
   0.23079781881413E+05 -0.20269679943382E+04  0.69678373158063E+03  0.44467399342691E+04 -0.33699747235310E+03  0.11997947426880E+04  0.57147499879530E+03  0.37139087094587E+05  0.70973250910877E+04 -0.15664007130702E+04  0.44031125191553E+03  0.12363618614546E+04  0.81800223448081E+02  0.14537166715065E+01  0.16414072584530E+05 -0.18005695429932E+04  0.13451935322415E+05  0.73755493290563E+04 -0.11958655609614E+05  0.58571669984979E+01  0.10005434488272E+03 -0.55614658226779E+02 -0.15081268385397E+03  0.33972751760669E+03 -0.17335269723778E+04 -0.10873684312503E+04 -0.12738042901641E+04  0.10316153149807E+04  0.24491834498690E+04 -0.67228732139224E+03 -0.12793408526934E+04 -0.33238423811353E+03  0.87779684385837E+02  0.16226897175619E+03 -0.15995603725973E+04 -0.83737565930482E+03  0.12664574651874E+04  0.14595522865212E+03 -0.10798654881119E+04 -0.11967755087607E+04  0.45793989482845E+03  0.12820091667532E+04
  -0.95459322100457E+07  0.30942668857555E+07 -0.48547575614117E+06 -0.21669412539198E+07  0.44344763820947E+06  0.74384020724343E+05 -0.16079185672347E+06 -0.62434681321543E+06  0.36756541105602E+05  0.55431607920472E+05 -0.54411264078490E+04 -0.72346349035476E+04 -0.46222838719276E+03 -0.18983567054472E+02 -0.23797696489570E+05  0.16081500800582E+04 -0.25657171885125E+05 -0.11958655609614E+05  0.25971013492304E+08  0.11804415837301E+05  0.11977276319383E+06  0.45115136846254E+05 -0.78206642142361E+04  0.12229637407604E+06  0.30319577073592E+05  0.67609820425274E+05 -0.93808220591681E+03  0.50384458581675E+06  0.24456906844416E+07  0.16583083285780E+05  0.28275288224249E+05  0.20475147592673E+03  0.16371515862893E+06  0.70997269159506E+06  0.21752688317563E+05  0.68822622692367E+04 -0.15202090813096E+05  0.39336185052273E+05  0.18578896839527E+05  0.57298106340177E+05  0.19656890662650E+06  0.12899194986464E+07
  -0.35977904936776E+04  0.11907090921997E+04 -0.18401691374041E+03 -0.90644511056153E+03  0.19310062490638E+03  0.57952468341370E+02 -0.57609944280289E+02  0.14031850903837E+03 -0.78018029235403E+02  0.11192903966142E+02  0.45800509993106E+00 -0.62153254128690E+01 -0.41023891908511E+00 -0.58026573879122E-02  0.10386251916640E+02 -0.23838839736974E+01  0.62054155787718E+01  0.58571669984979E+01  0.11804415837301E+05  0.60938525474180E+01  0.58788752293666E+02  0.16908721858643E+02 -0.42564711468820E+01  0.19039484107473E+02  0.00000000000000E+00  0.54781492435104E+01  0.00000000000000E+00  0.00000000000000E+00  0.10874528542511E+04  0.00000000000000E+00 -0.13981185580905E+02  0.00000000000000E+00  0.00000000000000E+00  0.34635672152921E+03  0.00000000000000E+00  0.00000000000000E+00  0.00000000000000E+00 -0.14054165050772E+02  0.00000000000000E+00 -0.13239305369391E+01  0.00000000000000E+00  0.64609020683074E+03
  -0.44085085045445E+05  0.12292054082510E+05 -0.21978731682918E+04 -0.13766209183156E+05  0.26472483934131E+04 -0.31995902872653E+03 -0.14127655221854E+04 -0.56726227186765E+04  0.28377599316642E+03  0.46854190669013E+03 -0.49076895871319E+02 -0.22038556798354E+02  0.11149981648424E+01 -0.90274961571163E+00  0.17211993441478E+03 -0.29825493196629E+02  0.14479516165758E+03  0.10005434488272E+03  0.11977276319383E+06  0.58788752293666E+02  0.79841758597941E+03 -0.10666814994449E+02 -0.51106500406128E+03 -0.17321589445244E+03  0.00000000000000E+00  0.79310081924283E+03  0.00000000000000E+00  0.00000000000000E+00  0.17543423474014E+05  0.00000000000000E+00 -0.17440466885905E+03  0.00000000000000E+00  0.00000000000000E+00  0.34238367372486E+04  0.00000000000000E+00  0.00000000000000E+00  0.00000000000000E+00 -0.65494120965014E+03  0.00000000000000E+00  0.65205809459199E+03  0.00000000000000E+00  0.85432887111375E+04
  -0.14809019390618E+05  0.85778209887362E+04 -0.87540278576004E+03  0.12857664131862E+04  0.86836707066527E+02  0.12176993764518E+04  0.66593446480000E+03  0.13354485885584E+05 -0.30433615503126E+04 -0.45372123950355E+03  0.88765892571461E+02  0.49900340727843E+02  0.72026347783885E+01  0.36089727291631E-01 -0.68901661736506E+02 -0.35274997592906E+00 -0.12515159474787E+03 -0.55614658226779E+02  0.45115136846254E+05  0.16908721858643E+02 -0.10666814994449E+02  0.58848334316237E+03  0.10851202188093E+04  0.17752951933454E+04 -0.53956005225371E+02 -0.40708253990649E+03 -0.63458825524663E-02  0.72567258331287E+03 -0.68359471517185E+04  0.00000000000000E+00 -0.64033915197285E+02  0.00000000000000E+00  0.25636336975648E+04  0.19483527400060E+04  0.00000000000000E+00  0.00000000000000E+00  0.00000000000000E+00  0.24085946045132E+03 -0.44872751114653E+03 -0.93502834082950E+03  0.17311001057452E+04  0.13073736928739E+04
   0.20323218737222E+05  0.27519074745973E+04  0.63797022460376E+03  0.12982946071413E+05 -0.15659374149795E+04  0.31843277253352E+04  0.24436558782183E+04  0.52918203367413E+05 -0.12640878190712E+05 -0.17261512450222E+04  0.34418280359305E+03  0.30574830329483E+03  0.34663591939570E+02  0.20256884713980E+00 -0.26922623237034E+03  0.48133134433821E+01 -0.36683751871795E+03 -0.15081268385397E+03 -0.78206642142361E+04 -0.42564711468820E+01 -0.51106500406128E+03  0.10851202188093E+04  0.29267829269144E+04  0.26138725536085E+04 -0.15905158668693E+03 -0.10482597776445E+04 -0.74654546851203E+02 -0.65897839790599E+04 -0.28916600930678E+05  0.00000000000000E+00 -0.15981216301506E+03  0.00000000000000E+00  0.33348605794710E+04  0.95421818305456E+03  0.00000000000000E+00  0.00000000000000E+00  0.00000000000000E+00  0.63207249835956E+03 -0.23341589181042E+04 -0.35818928644440E+04  0.15134470264368E+04 -0.25470166739833E+04
  -0.13590627144580E+06  0.42177625616904E+05 -0.69677855609262E+04 -0.70609014773893E+04  0.22250524689803E+04  0.21753596880502E+04  0.11444045241516E+03  0.17881348449210E+05 -0.54617541272319E+04 -0.12981417287966E+03  0.10449251003857E+03 -0.30315093214621E+03 -0.30948918742970E+02  0.37344699088990E+00  0.60286859264717E+03 -0.14664287029159E+03  0.32282209451770E+03  0.33972751760669E+03  0.12229637407604E+06  0.19039484107473E+02 -0.17321589445244E+03  0.17752951933454E+04  0.26138725536085E+04  0.13674263329410E+05  0.25905860794306E+03 -0.42473496104598E+04 -0.79204961582577E+01  0.37522437544152E+05 -0.21135679625123E+05  0.00000000000000E+00 -0.74829678677795E+03  0.00000000000000E+00  0.15578537450838E+05  0.52347091060201E+04  0.00000000000000E+00  0.00000000000000E+00  0.00000000000000E+00  0.30615744093265E+04  0.15955387366131E+04 -0.38377529368924E+04  0.20234374702750E+05  0.13778557663501E+05
  -0.12679809294949E+06  0.16600187670179E+05 -0.56480947933498E+04 -0.13191151932994E+05  0.19826102999827E+04 -0.23443846097598E+04 -0.22207140080211E+04 -0.60236530554510E+05  0.11095094341724E+05  0.26331524323263E+04 -0.43121744523099E+03 -0.12064250193661E+04 -0.17534198000130E+03  0.67493869435257E-01 -0.27179360495193E+04  0.49890876988097E+03 -0.24049092163681E+04 -0.17335269723778E+04  0.30319577073592E+05  0.00000000000000E+00  0.00000000000000E+00 -0.53956005225371E+02 -0.15905158668693E+03  0.25905860794306E+03  0.11671485854906E+06  0.00000000000000E+00  0.00000000000000E+00  0.00000000000000E+00  0.00000000000000E+00  0.00000000000000E+00  0.00000000000000E+00  0.00000000000000E+00  0.00000000000000E+00  0.00000000000000E+00  0.00000000000000E+00  0.00000000000000E+00  0.00000000000000E+00  0.00000000000000E+00  0.00000000000000E+00  0.00000000000000E+00  0.00000000000000E+00  0.00000000000000E+00
  -0.53739143585492E+05  0.82417280941205E+04 -0.24153094673615E+04 -0.21863671387666E+05  0.33240425159400E+04 -0.35311476815589E+04 -0.34523454279929E+04 -0.48911700510547E+05  0.10671291170336E+05  0.18302131672830E+04 -0.32914619278005E+03  0.16857596645627E-10  0.59327672040192E-12  0.47742209337978E-12 -0.17693982946862E+04  0.31090883014507E+03 -0.15570979221523E+04 -0.10873684312503E+04  0.67609820425274E+05  0.54781492435104E+01  0.79310081924283E+03 -0.40708253990649E+03 -0.10482597776445E+04 -0.42473496104598E+04  0.00000000000000E+00  0.64586813125640E+05  0.00000000000000E+00  0.00000000000000E+00  0.00000000000000E+00  0.00000000000000E+00  0.00000000000000E+00  0.00000000000000E+00  0.00000000000000E+00  0.00000000000000E+00  0.00000000000000E+00  0.00000000000000E+00  0.00000000000000E+00  0.00000000000000E+00  0.00000000000000E+00  0.00000000000000E+00  0.00000000000000E+00  0.00000000000000E+00
  -0.42582420510610E+04 -0.24762368227814E+03  0.56277488627750E+02 -0.14471148559707E+03 -0.49560629496976E+02  0.10516115876265E+03  0.11440713898103E+03 -0.68968848163345E+05  0.24277470018178E+05  0.72555569686064E+03 -0.32460750995918E+03 -0.88363944144146E+03 -0.32571250963581E+02 -0.88576477124153E+01 -0.24745741744749E+04  0.28723085734201E+03 -0.25123332765765E+04 -0.12738042901641E+04 -0.93808220591681E+03  0.00000000000000E+00  0.00000000000000E+00 -0.63458825524663E-02 -0.74654546851203E+02 -0.79204961582577E+01  0.00000000000000E+00  0.00000000000000E+00  0.30656599125681E+05  0.00000000000000E+00  0.00000000000000E+00  0.00000000000000E+00  0.00000000000000E+00  0.00000000000000E+00  0.00000000000000E+00  0.00000000000000E+00  0.00000000000000E+00  0.00000000000000E+00  0.00000000000000E+00  0.00000000000000E+00  0.00000000000000E+00  0.00000000000000E+00  0.00000000000000E+00  0.00000000000000E+00
  -0.83910399168981E+06  0.20994838852322E+06 -0.39966081318832E+05 -0.70019844940734E+05  0.11621909397577E+05 -0.63548339564233E+04 -0.85985704079580E+04 -0.28173139397209E+06  0.64577254717689E+05  0.10478042485842E+05 -0.18577512046045E+04 -0.54701817708126E+04 -0.62696971215491E+03 -0.18354851998133E+01  0.19904315446646E+04 -0.16638246798651E+03  0.21600962515699E+04  0.10316153149807E+04  0.50384458581675E+06  0.00000000000000E+00  0.00000000000000E+00  0.72567258331287E+03 -0.65897839790599E+04  0.37522437544152E+05  0.00000000000000E+00  0.00000000000000E+00  0.00000000000000E+00  0.58023730235388E+06  0.00000000000000E+00  0.00000000000000E+00  0.00000000000000E+00  0.00000000000000E+00  0.00000000000000E+00  0.00000000000000E+00  0.00000000000000E+00  0.00000000000000E+00  0.00000000000000E+00  0.00000000000000E+00  0.00000000000000E+00  0.00000000000000E+00  0.00000000000000E+00  0.00000000000000E+00
  -0.10865404593315E+07  0.26600687522770E+06 -0.52042973069434E+05 -0.35880058451291E+06  0.61103836576650E+05 -0.30121652058999E+05 -0.44347922016400E+05 -0.55870595273989E+06  0.12424446747937E+06  0.21855159599360E+05 -0.37252457008830E+04  0.10590298018495E-08  0.54670495505446E-10  0.25352837648532E-11  0.43063693727727E+04 -0.49782164455025E+03  0.44095006006608E+04  0.24491834498690E+04  0.24456906844416E+07  0.10874528542511E+04  0.17543423474014E+05 -0.68359471517185E+04 -0.28916600930678E+05 -0.21135679625123E+05  0.00000000000000E+00  0.00000000000000E+00  0.00000000000000E+00  0.00000000000000E+00  0.91860652258890E+06  0.00000000000000E+00  0.00000000000000E+00  0.00000000000000E+00  0.00000000000000E+00  0.00000000000000E+00  0.00000000000000E+00  0.00000000000000E+00  0.00000000000000E+00  0.00000000000000E+00  0.00000000000000E+00  0.00000000000000E+00  0.00000000000000E+00  0.00000000000000E+00
  -0.20822689966458E+05  0.59028923270969E+04 -0.10415388988207E+04 -0.16089081812638E+04  0.34438563509015E+03  0.61522143685627E+02 -0.13831163637340E+03 -0.75202407148602E+05  0.23477723294807E+05  0.15129398335472E+04 -0.41562038101272E+03 -0.28209403055340E+04 -0.16998208891817E+03 -0.61123780263982E+01 -0.15630673189346E+04  0.16242962507551E+03 -0.13189301461553E+04 -0.67228732139224E+03  0.16583083285780E+05  0.00000000000000E+00  0.00000000000000E+00  0.00000000000000E+00  0.00000000000000E+00  0.00000000000000E+00  0.00000000000000E+00  0.00000000000000E+00  0.00000000000000E+00  0.00000000000000E+00  0.00000000000000E+00  0.15137909979040E+05  0.00000000000000E+00  0.00000000000000E+00  0.00000000000000E+00  0.00000000000000E+00  0.00000000000000E+00  0.00000000000000E+00  0.00000000000000E+00  0.00000000000000E+00  0.00000000000000E+00  0.00000000000000E+00  0.00000000000000E+00  0.00000000000000E+00
  -0.46458611906980E+05  0.13294316998366E+05 -0.23331962965057E+04 -0.26897370625461E+04  0.55948054255030E+03  0.76459049634750E+02 -0.22392443449447E+03 -0.16668287831525E+06  0.52182594955708E+05  0.32769823675303E+04 -0.92089669031258E+03 -0.71474161596054E+02 -0.18638107511438E+02 -0.13397440413344E-03 -0.29591088941514E+04  0.30662018804816E+03 -0.25065342503948E+04 -0.12793408526934E+04  0.28275288224249E+05 -0.13981185580905E+02 -0.17440466885905E+03 -0.64033915197285E+02 -0.15981216301506E+03 -0.74829678677795E+03  0.00000000000000E+00  0.00000000000000E+00  0.00000000000000E+00  0.00000000000000E+00  0.00000000000000E+00  0.00000000000000E+00  0.31724510387912E+05  0.00000000000000E+00  0.00000000000000E+00  0.00000000000000E+00  0.00000000000000E+00  0.00000000000000E+00  0.00000000000000E+00  0.00000000000000E+00  0.00000000000000E+00  0.00000000000000E+00  0.00000000000000E+00  0.00000000000000E+00
  -0.30661536236399E+04  0.41997718964154E+03 -0.12061995090537E+03 -0.76475458810832E+02  0.94431673243607E+01 -0.17423919048266E+02 -0.12577521503635E+02 -0.13260851801043E+04  0.16899256170306E+03  0.41849615728153E+02 -0.10088012898256E+02 -0.89998038135897E+02 -0.69817353163628E+01 -0.22045227145144E+00 -0.72565042162413E+03  0.80414798159331E+02 -0.59897636603478E+03 -0.33238423811353E+03  0.20475147592673E+03  0.00000000000000E+00  0.00000000000000E+00  0.00000000000000E+00  0.00000000000000E+00  0.00000000000000E+00  0.00000000000000E+00  0.00000000000000E+00  0.00000000000000E+00  0.00000000000000E+00  0.00000000000000E+00  0.00000000000000E+00  0.00000000000000E+00  0.37915966026732E+04  0.00000000000000E+00  0.00000000000000E+00  0.00000000000000E+00  0.00000000000000E+00  0.00000000000000E+00  0.00000000000000E+00  0.00000000000000E+00  0.00000000000000E+00  0.00000000000000E+00  0.00000000000000E+00
  -0.19861604901869E+06  0.63665652247884E+05 -0.10176229742425E+05 -0.12783665646713E+05  0.28295604184855E+04  0.81363522974013E+03 -0.75267579550967E+03 -0.50723876808657E+04  0.55140877969821E+03  0.49352942574897E+03 -0.38747939610212E+02 -0.17541768186182E+00 -0.12656026741866E+00 -0.45404144813289E-11  0.24218050175620E+03 -0.64118245240792E+02  0.49514408385693E+02  0.87779684385837E+02  0.16371515862893E+06  0.00000000000000E+00  0.00000000000000E+00  0.25636336975648E+04  0.33348605794710E+04  0.15578537450838E+05  0.00000000000000E+00  0.00000000000000E+00  0.00000000000000E+00  0.00000000000000E+00  0.00000000000000E+00  0.00000000000000E+00  0.00000000000000E+00  0.00000000000000E+00  0.10578150422267E+06  0.00000000000000E+00  0.00000000000000E+00  0.00000000000000E+00  0.00000000000000E+00  0.00000000000000E+00  0.00000000000000E+00  0.00000000000000E+00  0.00000000000000E+00  0.00000000000000E+00
  -0.22465110304549E+06  0.71720580781856E+05 -0.11496606828089E+05 -0.56519957067164E+05  0.12398358341919E+05  0.33644479288403E+04 -0.34640927605784E+04 -0.99582955433292E+04  0.11107554695638E+04  0.93560770009203E+03 -0.75970130046257E+02  0.19440005384051E-10  0.52554353752129E-11 -0.37850422108119E-12  0.42961929346551E+03 -0.11219604520865E+03  0.99882831151493E+02  0.16226897175619E+03  0.70997269159506E+06  0.34635672152921E+03  0.34238367372486E+04  0.19483527400060E+04  0.95421818305456E+03  0.52347091060201E+04  0.00000000000000E+00  0.00000000000000E+00  0.00000000000000E+00  0.00000000000000E+00  0.00000000000000E+00  0.00000000000000E+00  0.00000000000000E+00  0.00000000000000E+00  0.00000000000000E+00  0.13858818995951E+06  0.00000000000000E+00  0.00000000000000E+00  0.00000000000000E+00  0.00000000000000E+00  0.00000000000000E+00  0.00000000000000E+00  0.00000000000000E+00  0.00000000000000E+00
  -0.90490774844328E+04  0.24698776470696E+04 -0.44355783147695E+03 -0.26415392106451E+04  0.45957953994573E+03 -0.16543975469589E+03 -0.30674795068767E+03  0.31913114276455E+03 -0.12536476635242E+04  0.12350073390512E+03 -0.12032139420830E+02 -0.18974425393566E+01 -0.19304984607460E+00 -0.26698658242242E-02 -0.28670338187240E+04  0.43544472224552E+03 -0.24503489375628E+04 -0.15995603725973E+04  0.21752688317563E+05  0.00000000000000E+00  0.00000000000000E+00  0.00000000000000E+00  0.00000000000000E+00  0.00000000000000E+00  0.00000000000000E+00  0.00000000000000E+00  0.00000000000000E+00  0.00000000000000E+00  0.00000000000000E+00  0.00000000000000E+00  0.00000000000000E+00  0.00000000000000E+00  0.00000000000000E+00  0.00000000000000E+00  0.82365450692806E+04  0.00000000000000E+00  0.00000000000000E+00  0.00000000000000E+00  0.00000000000000E+00  0.00000000000000E+00  0.00000000000000E+00  0.00000000000000E+00
  -0.32065740146217E+04  0.78490631960816E+03 -0.15441127333369E+03 -0.10232759331201E+04  0.17176228230502E+03 -0.96803229959652E+02 -0.13250908236376E+03  0.27627318831126E+03 -0.69479260894182E+03  0.55781121051068E+02 -0.57693885375650E+01 -0.82970468682957E+00 -0.76287837950663E-01 -0.14649390414006E-02 -0.15270743304800E+04  0.21618086713409E+03 -0.13390256438847E+04 -0.83737565930482E+03  0.68822622692367E+04  0.00000000000000E+00  0.00000000000000E+00  0.00000000000000E+00  0.00000000000000E+00  0.00000000000000E+00  0.00000000000000E+00  0.00000000000000E+00  0.00000000000000E+00  0.00000000000000E+00  0.00000000000000E+00  0.00000000000000E+00  0.00000000000000E+00  0.00000000000000E+00  0.00000000000000E+00  0.00000000000000E+00  0.00000000000000E+00  0.42362634201635E+04  0.00000000000000E+00  0.00000000000000E+00  0.00000000000000E+00  0.00000000000000E+00  0.00000000000000E+00  0.00000000000000E+00
  -0.14655682406457E+05 -0.23861900642854E+04  0.65272244741075E+02 -0.10254914684314E+05  0.41533446129222E+03 -0.31521177828620E+04 -0.13532911261846E+04 -0.27153450453044E+06  0.11261002561486E+06  0.30990465807616E+04 -0.11010833286171E+04  0.33004652016167E+03  0.32092355020570E+02 -0.17555738388677E+01 -0.23594958249480E+04 -0.29954830111123E+03  0.99233051289188E+03  0.12664574651874E+04 -0.15202090813096E+05  0.00000000000000E+00  0.00000000000000E+00  0.00000000000000E+00  0.00000000000000E+00  0.00000000000000E+00  0.00000000000000E+00  0.00000000000000E+00  0.00000000000000E+00  0.00000000000000E+00  0.00000000000000E+00  0.00000000000000E+00  0.00000000000000E+00  0.00000000000000E+00  0.00000000000000E+00  0.00000000000000E+00  0.00000000000000E+00  0.00000000000000E+00  0.12397553048471E+06  0.00000000000000E+00  0.00000000000000E+00  0.00000000000000E+00  0.00000000000000E+00  0.00000000000000E+00
   0.16299923118690E+05 -0.22505276939938E+04  0.73072856724589E+03 -0.16273966652669E+05  0.24828762675369E+04 -0.27451707950383E+04 -0.27949518756728E+04 -0.84807570097730E+04  0.15308877279798E+04  0.42009599118581E+03 -0.60505924006122E+02  0.31476408676117E+03  0.70240817453922E+02  0.52934828173977E-03  0.19218907750813E+03 -0.34363484270715E+02  0.20065984243592E+03  0.14595522865212E+03  0.39336185052273E+05 -0.14054165050772E+02 -0.65494120965014E+03  0.24085946045132E+03  0.63207249835956E+03  0.30615744093265E+04  0.00000000000000E+00  0.00000000000000E+00  0.00000000000000E+00  0.00000000000000E+00  0.00000000000000E+00  0.00000000000000E+00  0.00000000000000E+00  0.00000000000000E+00  0.00000000000000E+00  0.00000000000000E+00  0.00000000000000E+00  0.00000000000000E+00  0.00000000000000E+00  0.39193614085417E+05  0.00000000000000E+00  0.00000000000000E+00  0.00000000000000E+00  0.00000000000000E+00
