# fitpack15: fit parameters                                                                         
# CJ15 AV18 final data choices                                                                      
# Created on 03/19/2019 at 18:56:12                                                                 

 # QCD setup
  INS                           0
  NVL                          11
  IORD                          1
  Q02                   1.6899999999999999     
  IPARAMC                       7
  FLAVOR                4.0000000000000000     
  xmc                   1.3000000000000000     
  xmb                   4.5000000000000000     
  ncb                          12
  ihq                           1
  ias                           0

 # Theory corrections
  inuke                     10814
  itmc                          1
  iht                           1

 # fit parameters
 LAMBDA       0.22680        0.0000    
 a0uv          2.3566        0.0000    
 a1uv         0.61083       0.20155E-01
 a2uv          3.5465       0.11860E-01
 a3uv          0.0000        0.0000    
 a4uv          3.5780       0.44503    
 a5uv          0.0000        0.0000    
 a0dv          25.373        0.0000    
 a1dv          1.1656       0.32404E-01
 a2dv          6.5591       0.15334    
 a3dv         -3.5113       0.81952E-01
 a4dv          4.6642       0.13660    
 a5dv          0.0000        0.0000    
 a0ud         0.14646       0.50198E-02
 a1ud        -0.20794       0.37495E-02
 a2ud          8.3013       0.18965    
 a3ud          0.0000        0.0000    
 a4ud          14.626        1.2108    
 a5ud          0.0000        0.0000    
 a0du          35712.        0.0000    
 a1du          4.0447       0.75318E-01
 a2du          19.949       0.86704    
 a3du          17.000        0.0000    
 a4du          52.261        10.617    
 a0g           48.044        0.0000    
 a1g          0.61286       0.32328E-01
 a2g           6.8808        1.0008    
 a3g          -3.3429       0.14411    
 a4g           3.3028       0.35582    
 a5g           0.0000        0.0000    
 kappa        0.40000        0.0000    
 a6dv        -0.34911E-02   0.63277E-03
 a7dv          2.0000        0.0000    
 off1         -4.1585        1.4971    
 off2         0.60559E-01   0.10570E-01
 ht1          -3.2102       0.22574    
 ht2           1.9135       0.98145E-01
 ht3          -2.0668       0.18577E-01
 ht4           0.0000        0.0000    
 dummy40       0.0000        0.0000    
 dummy41       0.0000        0.0000    
 dummy42       0.0000        0.0000    
 dummy43       0.0000        0.0000    
 dummy44       0.0000        0.0000    
 dummy45       0.0000        0.0000    
 dummy46       0.0000        0.0000    
 dummy47       0.0000        0.0000    
 dummy48       0.0000        0.0000    
 dummy49       0.0000        0.0000    
 bcdmsh2      0.97372       0.47504E-02
 bcdmsd2      0.99355       0.57459E-02
 ccfr          1.0000        0.0000    
 nutev         1.0000        0.0000    
 zeus         0.97998        0.0000    
 h1            1.0162        0.0000    
 e605          1.0319        0.0000    
 NmcH2         1.0100       0.70777E-02
 ntv_nu        1.0000        0.0000    
 ntv_nubar     1.0000        0.0000    
 cdf_jet      0.98910        0.0000    
 d0_jet       0.83504        0.0000    
 slac_p        1.0054       0.46439E-02
 slac_d        1.0049       0.50940E-02
 e866pp       0.97110       0.19210E-01
 e866pd       0.96735       0.15663E-01
 d0_gamjet     1.0388       0.16473E-01
 h1b          0.97608        0.0000    
 jlab_p       0.99411       0.55679E-02
 jlab_d       0.97593       0.56766E-02
 blank         1.0000        0.0000    
 d0run2       0.93858       0.13922E-01
 cdfrun2      0.92497       0.17107E-01
 HERA_el       1.0000        0.0000    
 HERA_ps       1.0000        0.0000    
 CDF_Z        0.96643       0.63949E-02
 NmcRat        1.0000        0.0000    
 BNS_F2nd     0.98387       0.68504E-02
 HERMES_F2p   0.99896       0.54466E-02
 HERMES_F2d   0.98096       0.56908E-02
 e03103_p     0.99947       0.51197E-02
 e03103_d     0.97949       0.53140E-02
 END 0. 0.

 # Hessian matrix (Bevington alpha)
   0.62087847080623E+07 -0.16382985974557E+07  0.29118731900329E+06  0.74220692112665E+06 -0.18565065641184E+06 -0.12287335214733E+05  0.89894471965325E+05  0.10566883972619E+07 -0.19448872872635E+06 -0.59987444469142E+05  0.86473163838457E+04  0.15801226928006E+05  0.18275767733121E+04 -0.11018459138065E+03  0.35385798834612E+04 -0.93738771042541E+03  0.70542141102350E+04  0.46383209013240E+04 -0.10310730623832E+08 -0.17103490924159E+04 -0.16451412228513E+07  0.86948671520477E+05  0.26856795712502E+06  0.99651725526819E+06 -0.12712500177842E+06 -0.53981654361779E+05 -0.44320801418198E+04 -0.83819610721156E+06 -0.10859417331342E+07 -0.20509990825311E+05 -0.46258124935116E+05 -0.30887857285796E+04 -0.19859845125705E+06 -0.22407958198923E+06 -0.91716286098322E+04 -0.32469411319859E+04 -0.15026539434279E+05  0.16635550093254E+05 -0.70650084770444E+05 -0.55822559991185E+05 -0.30845314752994E+06 -0.52469662703429E+06
  -0.16382985974557E+07  0.51230364992394E+06 -0.78909350520650E+05 -0.20053500390489E+06  0.50574142461795E+05  0.73556654045732E+04 -0.20268150554004E+05 -0.15177352947178E+06  0.30299020149630E+05  0.99664269619132E+04 -0.11924382321188E+04 -0.12802149734511E+04 -0.15504451103638E+03  0.13290458527327E+02  0.14919558258141E+04 -0.25190643969719E+03  0.56971314983897E+03  0.52388389040452E+03  0.33773060588926E+07  0.66272877138492E+03  0.46735797381301E+06 -0.19783014445527E+05 -0.65781534703855E+05 -0.27024370191656E+06  0.16575729423820E+05  0.81978057792720E+04 -0.23446998511447E+03  0.20880312408885E+06  0.26291132992410E+06  0.57742813395512E+04  0.13170118986677E+05  0.42151486380267E+03  0.63397838621253E+05  0.70886353872877E+05  0.24777639318559E+04  0.78668231402973E+03 -0.23610300245579E+04 -0.22366429276828E+04  0.85367368262442E+04  0.71655030275934E+04  0.79821968419782E+05  0.13410935670290E+06
   0.29118731900329E+06 -0.78909350520650E+05  0.13773648508830E+05  0.35047216934802E+05 -0.88699495071639E+04 -0.83361832065766E+03  0.41515361236794E+04  0.38023566817109E+05 -0.67515861737624E+04 -0.24980479738913E+04  0.31579390934608E+03  0.49102120952738E+03  0.65786234284008E+02 -0.48954334307610E+01 -0.56944601361887E+03  0.44111640382046E+02 -0.29042803227574E+03 -0.13576068241851E+03 -0.50022774240475E+06 -0.85316997217251E+02 -0.78266070992411E+05  0.39972936626081E+04  0.12380762820003E+05  0.46918864221405E+05 -0.54439573488859E+04 -0.23233953717210E+04  0.47646503622012E+02 -0.38145582946504E+05 -0.49576400269228E+05 -0.97748578909548E+03 -0.22141168889776E+04 -0.11693031079511E+03 -0.96841380008730E+04 -0.10890480444483E+05 -0.42853676876259E+03 -0.14923965173498E+03  0.44003912536611E+02  0.71343715214393E+03 -0.25211548054616E+04 -0.20457968464786E+04 -0.14670327493298E+05 -0.24981677348312E+05
   0.74220692112665E+06 -0.20053500390489E+06  0.35047216934802E+05  0.46477105787159E+06 -0.77979172034775E+05  0.80802481274369E+05  0.75303026165046E+05  0.38674664834935E+06 -0.31511190481021E+05 -0.21275244518715E+05  0.36930686498238E+04 -0.13821380388890E+04 -0.15228120841922E+03  0.57497077141400E+02  0.29268840843147E+05 -0.33705275454656E+04  0.24394790612933E+05  0.13516321356920E+05 -0.29091818866770E+07 -0.27999398267509E+03 -0.47053639946999E+06  0.30319618825201E+05  0.83975771549615E+05  0.32175156885205E+06 -0.12750897494510E+05 -0.21119368177714E+05 -0.63439525335270E+02 -0.65589782402444E+05 -0.34033972588616E+06 -0.14050839907412E+04 -0.24884969470097E+04 -0.74395993084550E+02 -0.11731741758937E+05 -0.52658492754428E+05 -0.25267759358446E+04 -0.98525836025480E+03 -0.93861757391238E+04 -0.15605156712274E+05 -0.71628477645589E+04 -0.21227398060385E+05 -0.23307088448709E+05 -0.15742230905950E+06
  -0.18565065641184E+06  0.50574142461795E+05 -0.88699495071639E+04 -0.77979172034775E+05  0.15247533140815E+05 -0.87216175985575E+04 -0.11645088367632E+05 -0.40316043345647E+05  0.14722783856753E+04  0.30043534140535E+04 -0.40826659549030E+03 -0.39432781602374E+02  0.39687411886080E+01 -0.51550186551134E+01 -0.23638423601633E+04  0.26081419749367E+03 -0.19596123746613E+04 -0.10681449526947E+04  0.65297578706079E+06  0.86744807026625E+02  0.10134331636134E+06 -0.59522704096757E+04 -0.16555731286996E+05 -0.66475214126819E+05  0.19993418485152E+04  0.33693171813924E+04 -0.56206484762874E+02  0.11965353819634E+05  0.63113036195678E+05  0.33747996395462E+03  0.57804415513750E+03  0.96367265733186E+01  0.29866720532585E+04  0.13174550114292E+05  0.48621512207337E+03  0.18016432214238E+03  0.32715262690739E+03  0.24871513865799E+04  0.81819567379671E+03  0.25156573673735E+04  0.50742776535963E+04  0.34972116169522E+05
  -0.12287335214733E+05  0.73556654045732E+04 -0.83361832065766E+03  0.80802481274369E+05 -0.87216175985575E+04  0.25822439178227E+05  0.16024756373920E+05  0.11177036499336E+06 -0.10371270020461E+05 -0.49909946511661E+04  0.10578552992258E+04 -0.72323609711727E+03 -0.69707646056429E+02  0.19835324827831E+02  0.92997996074270E+04 -0.11305482063077E+04  0.77718230786793E+04  0.44326679850947E+04 -0.82590025370127E+05  0.59352685299089E+02 -0.28338973176619E+05  0.32769420701173E+04  0.87930811174689E+04  0.25738158430764E+05 -0.28787143333516E+04 -0.44207142538750E+04  0.15999735072970E+03 -0.90659450074263E+04 -0.44997513993036E+05 -0.52633312204880E+01 -0.39317253180935E+02 -0.20097509519354E+02  0.33878425068801E+03  0.11024486294931E+04 -0.28377887280895E+03 -0.14233425998185E+03 -0.30608294209343E+04 -0.34414240012779E+04 -0.18772534048840E+04 -0.54218350576446E+04 -0.13719227378496E+04 -0.76310785703883E+04
   0.89894471965325E+05 -0.20268150554004E+05  0.41515361236794E+04  0.75303026165046E+05 -0.11645088367632E+05  0.16024756373920E+05  0.13389141569859E+05  0.65986412365387E+05 -0.40609418162849E+04 -0.38141545832788E+04  0.65098586148372E+03 -0.22083281949654E+03 -0.27024857885103E+02  0.10403446811157E+02  0.46755562330592E+04 -0.56300166335116E+03  0.38325497529326E+04  0.21848750882964E+04 -0.33597580647179E+06 -0.64268053637481E+01 -0.63052931322817E+05  0.46106901747441E+04  0.12501234791365E+05  0.44888437066900E+05 -0.25415203939700E+04 -0.39855535239880E+04  0.13936355523618E+03 -0.10260097569578E+05 -0.53599933152804E+05 -0.17358036458772E+03 -0.29764835345164E+03 -0.14099393803293E+02 -0.10898399144478E+04 -0.50644226705486E+04 -0.38446189615073E+03 -0.16173703397498E+03 -0.12831866232537E+04 -0.32078767132676E+04 -0.11640625049436E+04 -0.34728434114202E+04 -0.32118488121227E+04 -0.21075721441948E+05
   0.10566883972619E+07 -0.15177352947178E+06  0.38023566817109E+05  0.38674664834935E+06 -0.40316043345647E+05  0.11177036499336E+06  0.65986412365387E+05  0.50400556262394E+07 -0.23265085706538E+07 -0.88440349871214E+05  0.26340358196478E+05  0.27234025815703E+05  0.18456356894819E+04  0.10180909000932E+03  0.82674498451223E+05 -0.10278652760727E+05  0.78618796885457E+05  0.42693668533220E+05 -0.82910889077623E+06  0.37631214726895E+03 -0.19892593499164E+06  0.35105563409812E+05  0.10657086977907E+06  0.27802609322955E+06 -0.60903114623116E+05 -0.49017041182744E+05 -0.67071356360198E+05 -0.28258558618248E+06 -0.56053762920086E+06 -0.72416479030539E+05 -0.16204137819226E+06 -0.13457184478401E+04 -0.57625462404673E+04 -0.11298776904108E+05 -0.16318736485599E+02  0.13447397407158E+03 -0.26244990138186E+06 -0.87142291112066E+04 -0.13737153960005E+06 -0.17070037061740E+06 -0.33055925714634E+05 -0.77894068003384E+05
  -0.19448872872635E+06  0.30299020149630E+05 -0.67515861737624E+04 -0.31511190481021E+05  0.14722783856753E+04 -0.10371270020461E+05 -0.40609418162849E+04 -0.23265085706538E+07  0.19339856323842E+07  0.19515524129747E+05 -0.66006646085490E+04 -0.58424237302625E+04 -0.32361328547822E+03 -0.14112617973549E+02  0.49128864435118E+05 -0.22862688130111E+04  0.15700357674767E+05  0.76135920616022E+04  0.37421210027901E+04 -0.91375348485779E+02  0.93150532419970E+04 -0.67730631562308E+04 -0.21789733389958E+05 -0.50548652821639E+05  0.11523404163002E+05  0.10916542704646E+05  0.24198274665782E+05  0.65818115073199E+05  0.12633877287024E+06  0.23092138213221E+05  0.51758861560132E+05  0.18422581003859E+03  0.60983434664778E+03  0.12342348499226E+04 -0.11763276616757E+04 -0.66233199041493E+03  0.11169696353846E+06  0.16022691954855E+04  0.44335340916155E+05  0.54539584208709E+05  0.48120188454285E+04  0.10923033116163E+05
  -0.59987444469142E+05  0.99664269619132E+04 -0.24980479738913E+04 -0.21275244518715E+05  0.30043534140535E+04 -0.49909946511661E+04 -0.38141545832788E+04 -0.88440349871214E+05  0.19515524129747E+05  0.28343375432794E+04 -0.66526340522799E+03 -0.70581153953178E+03 -0.63157216894463E+02 -0.19286672739756E+01 -0.39227389459579E+04  0.46279526452143E+03 -0.32648894001175E+04 -0.18445934956571E+04  0.78824023084566E+05 -0.83869879111273E+01  0.17661569734692E+05 -0.17401364476553E+04 -0.49607628790977E+04 -0.14941787763120E+05  0.27548476547234E+04  0.19100339370148E+04  0.73067775258468E+03  0.11027077712178E+05  0.23068796786088E+05  0.15276356129235E+04  0.33502471595230E+04  0.43494153202420E+02  0.58750326752233E+03  0.11122202816719E+04  0.13848090099928E+03  0.61651887287059E+02  0.30955131114044E+04  0.44644519772122E+03  0.27978969523218E+04  0.35636012736320E+04  0.23216055284876E+04  0.58060599293308E+04
   0.86473163838457E+04 -0.11924382321188E+04  0.31579390934608E+03  0.36930686498238E+04 -0.40826659549030E+03  0.10578552992258E+04  0.65098586148372E+03  0.26340358196478E+05 -0.66006646085490E+04 -0.66526340522799E+03  0.18417195541894E+03  0.20744869118922E+03  0.15250059746865E+02  0.73932462649672E+00  0.12564968499530E+04 -0.13606504373241E+03  0.10055218935848E+04  0.54951774225967E+03 -0.87035386615452E+04  0.27936798875727E+01 -0.19546682826928E+04  0.27727045006333E+03  0.82556406506568E+03  0.22318660970525E+04 -0.48782696120047E+03 -0.36866527806684E+03 -0.34203823198581E+03 -0.20856188261976E+04 -0.41902098628850E+04 -0.44191230070552E+03 -0.98925584375206E+03 -0.11235946564597E+02 -0.50130750305292E+02 -0.98060809649377E+02 -0.15903156530062E+02 -0.74599284296455E+01 -0.11590594327407E+04 -0.69858357771426E+02 -0.83614690882690E+03 -0.10473352608933E+04 -0.27768838531887E+03 -0.65708345995744E+03
   0.15801226928006E+05 -0.12802149734511E+04  0.49102120952738E+03 -0.13821380388890E+04 -0.39432781602374E+02 -0.72323609711727E+03 -0.22083281949654E+03  0.27234025815703E+05 -0.58424237302625E+04 -0.70581153953178E+03  0.20744869118922E+03  0.18043237169853E+04  0.11874298402241E+03 -0.10860309207991E+01  0.14674291966199E+04 -0.20007789954931E+03  0.14789603958442E+04  0.85817425427520E+03 -0.69043175512865E+04 -0.50409184374159E+01 -0.74209863322484E+03 -0.79208612111469E+01  0.14412865030639E+03 -0.86527455319792E+03 -0.11878990984737E+04  0.73010046285972E-10 -0.75474235846268E+03 -0.52580554151927E+04  0.46384377059292E-09 -0.24838035859546E+04 -0.77304006687500E+02 -0.83021940227598E+02 -0.24932927418018E+00 -0.71991050198741E-10 -0.18557496033377E+01 -0.79583743868643E+00  0.30073654381172E+03  0.33201828514944E+03 -0.28480069590173E+04  0.65696203426911E-10 -0.84570152391728E+02  0.88138931899650E-10
   0.18275767733121E+04 -0.15504451103638E+03  0.65786234284008E+02 -0.15228120841922E+03  0.39687411886080E+01 -0.69707646056429E+02 -0.27024857885103E+02  0.18456356894819E+04 -0.32361328547822E+03 -0.63157216894463E+02  0.15250059746865E+02  0.11874298402241E+03  0.10768150856383E+02 -0.18389482772005E+00  0.79823449098273E+02 -0.13128640339649E+02  0.86684118931671E+02  0.54742506738171E+02 -0.34002760689442E+03 -0.44098135620045E+00  0.23688877428032E+02  0.12232785079642E+01  0.19202652339758E+02 -0.92693097562022E+02 -0.17668554063477E+03  0.55933459597434E-11 -0.29323738461408E+02 -0.62404471744448E+03  0.80532752066832E-10 -0.15558055664990E+03 -0.20559429181539E+02 -0.67255997903797E+01 -0.18067596945592E+00 -0.68694187588134E-11 -0.19731452123103E+00 -0.76500081814869E-01  0.30129533548224E+02  0.74831050873897E+02 -0.20525660410432E+03  0.28960080733648E-11 -0.29378630988316E+02 -0.17219053924333E-10
  -0.11018459138065E+03  0.13290458527327E+02 -0.48954334307610E+01  0.57497077141400E+02 -0.51550186551134E+01  0.19835324827831E+02  0.10403446811157E+02  0.10180909000932E+03 -0.14112617973549E+02 -0.19286672739756E+01  0.73932462649672E+00 -0.10860309207991E+01 -0.18389482772005E+00  0.54754578619747E-01  0.15034481432571E+02 -0.11549184053257E+01  0.92030985249694E+01  0.43888995403442E+01 -0.85164981007657E+02  0.29664935182679E-01 -0.23842884677587E+02  0.66935828635021E+00  0.17100766946561E+01  0.78885313125085E+01  0.72096837578062E-01  0.45540733068272E-12 -0.63606203717719E+01 -0.86385798798696E+00 -0.26240673048032E-12 -0.35839396341628E+01 -0.20589312671416E-04 -0.14795370807563E+00  0.10024936790856E-13  0.77648226349928E-13 -0.18169131740910E-02 -0.99755777224838E-03 -0.16256173633149E+01  0.61619437299988E-04 -0.33925593176850E+01  0.78995546852190E-12 -0.15162476331572E-06  0.55818440502015E-12
   0.35385798834612E+04  0.14919558258141E+04 -0.56944601361887E+03  0.29268840843147E+05 -0.23638423601633E+04  0.92997996074270E+04  0.46755562330592E+04  0.82674498451223E+05  0.49128864435118E+05 -0.39227389459579E+04  0.12564968499530E+04  0.14674291966199E+04  0.79823449098273E+02  0.15034481432571E+02  0.48463887694433E+05 -0.44061881257882E+04  0.32950920938633E+05  0.17275897088085E+05 -0.48703834118274E+05  0.22740711789024E+01  0.57922595410512E+04 -0.34702274896335E+03 -0.97089433967806E+03 -0.25569470496630E+04 -0.25407725159531E+04 -0.16735056000308E+04 -0.24513761215070E+04  0.20047078690730E+04  0.42421593459227E+04 -0.15005010108685E+04 -0.29290818118902E+04 -0.71242737683902E+03  0.20874255233063E+03  0.37561221715098E+03 -0.27789296542504E+04 -0.14870496006578E+04 -0.25010229434393E+04  0.18165421569716E+03 -0.81725152040328E+03 -0.92031337688015E+03  0.70516441274446E+03  0.22001336886834E+04
  -0.93738771042541E+03 -0.25190643969719E+03  0.44111640382046E+02 -0.33705275454656E+04  0.26081419749367E+03 -0.11305482063077E+04 -0.56300166335116E+03 -0.10278652760727E+05 -0.22862688130111E+04  0.46279526452143E+03 -0.13606504373241E+03 -0.20007789954931E+03 -0.13128640339649E+02 -0.11549184053257E+01 -0.44061881257882E+04  0.46570258475788E+03 -0.34093959216733E+04 -0.18601778490653E+04  0.46774172517837E+04 -0.94857059241599E+00 -0.10071897582372E+04  0.50238270771199E+02  0.13148062389005E+03  0.40717895718297E+03  0.45949157527401E+03  0.28841860553762E+03  0.27976842978234E+03 -0.17005661244011E+03 -0.48612900759196E+03  0.15256129873596E+03  0.29708932785710E+03  0.77170658942544E+02 -0.55057063600491E+02 -0.97705636081948E+02  0.41203276011796E+03  0.20560085752541E+03 -0.26782320384314E+03 -0.32455240621305E+02  0.23189411301099E+03  0.25966809974328E+03 -0.15120988402485E+03 -0.50004101756183E+03
   0.70542141102350E+04  0.56971314983897E+03 -0.29042803227574E+03  0.24394790612933E+05 -0.19596123746613E+04  0.77718230786793E+04  0.38325497529326E+04  0.78618796885457E+05  0.15700357674767E+05 -0.32648894001175E+04  0.10055218935848E+04  0.14789603958442E+04  0.86684118931671E+02  0.92030985249694E+01  0.32950920938633E+05 -0.34093959216733E+04  0.25410511286885E+05  0.13709628173310E+05 -0.42980072005520E+05  0.21144907964532E+00  0.48825151195693E+04 -0.32725615727275E+03 -0.88414935718222E+03 -0.21312799615509E+04 -0.23272938155183E+04 -0.15119187081731E+04 -0.23450592836611E+04  0.19961319794338E+04  0.41402125269673E+04 -0.12013866088827E+04 -0.23530039311449E+04 -0.56657652747834E+03  0.60381311941607E+02  0.11940916701824E+03 -0.23883174760126E+04 -0.12940648615563E+04  0.10090772949040E+04  0.19502399159469E+03 -0.14501440013149E+04 -0.16117015712935E+04  0.51012519044269E+03  0.13067005679836E+04
   0.46383209013240E+04  0.52388389040452E+03 -0.13576068241851E+03  0.13516321356920E+05 -0.10681449526947E+04  0.44326679850947E+04  0.21848750882964E+04  0.42693668533220E+05  0.76135920616022E+04 -0.18445934956571E+04  0.54951774225967E+03  0.85817425427520E+03  0.54742506738171E+02  0.43888995403442E+01  0.17275897088085E+05 -0.18601778490653E+04  0.13709628173310E+05  0.74995584830365E+04 -0.22295535060184E+05  0.15533614380826E+01  0.33981397963288E+04 -0.20593786056041E+03 -0.53455965810779E+03 -0.14174980636211E+04 -0.16546052922855E+04 -0.10424393869119E+04 -0.11925653163648E+04  0.95591090511858E+03  0.23014744698451E+04 -0.61353009865618E+03 -0.12033087860951E+04 -0.31422624476313E+03  0.87084625203984E+02  0.16238473842792E+03 -0.15463677924346E+04 -0.80498010061177E+03  0.12250410912426E+04  0.14013237347092E+03 -0.10298896496355E+04 -0.11448786367416E+04  0.44355923320671E+03  0.12547148563325E+04
  -0.10310730623832E+08  0.33773060588926E+07 -0.50022774240475E+06 -0.29091818866770E+07  0.65297578706079E+06 -0.82590025370127E+05 -0.33597580647179E+06 -0.82910889077623E+06  0.37421210027901E+04  0.78824023084566E+05 -0.87035386615452E+04 -0.69043175512865E+04 -0.34002760689442E+03 -0.85164981007657E+02 -0.48703834118274E+05  0.46774172517837E+04 -0.42980072005520E+05 -0.22295535060184E+05  0.41905067252842E+08  0.77801939859225E+04  0.53027486719866E+07 -0.25870225765164E+06 -0.76807626827697E+06 -0.33482290700367E+07  0.34689165040865E+05  0.76999286518825E+05 -0.11922573389470E+04  0.57466929844944E+06  0.28031411572857E+07  0.17893375647779E+05  0.32024285749605E+05  0.23751340545830E+03  0.18697306954830E+06  0.81551798739788E+06  0.25350102648538E+05  0.79997731291420E+04 -0.19232001944083E+05  0.45013197753769E+05  0.20967165973517E+05  0.64558269579130E+05  0.22378543887630E+06  0.14759909961127E+07
  -0.17103490924159E+04  0.66272877138492E+03 -0.85316997217251E+02 -0.27999398267509E+03  0.86744807026625E+02  0.59352685299089E+02 -0.64268053637481E+01  0.37631214726895E+03 -0.91375348485779E+02 -0.83869879111273E+01  0.27936798875727E+01 -0.50409184374159E+01 -0.44098135620045E+00  0.29664935182679E-01  0.22740711789024E+01 -0.94857059241599E+00  0.21144907964532E+00  0.15533614380826E+01  0.77801939859225E+04  0.25957923752033E+01  0.10222716606017E+04 -0.38659204477347E+02 -0.11869087682417E+03 -0.60103377987639E+03  0.00000000000000E+00 -0.29394198310245E+02  0.00000000000000E+00  0.00000000000000E+00  0.33114642445595E+03  0.00000000000000E+00 -0.64322515087302E+01  0.00000000000000E+00  0.00000000000000E+00  0.20139877106421E+03  0.00000000000000E+00  0.00000000000000E+00  0.00000000000000E+00  0.14863483334196E+02  0.00000000000000E+00 -0.30015130499382E+02  0.00000000000000E+00  0.27960314952657E+03
  -0.16451412228513E+07  0.46735797381301E+06 -0.78266070992411E+05 -0.47053639946999E+06  0.10134331636134E+06 -0.28338973176619E+05 -0.63052931322817E+05 -0.19892593499164E+06  0.93150532419970E+04  0.17661569734692E+05 -0.19546682826928E+04 -0.74209863322484E+03  0.23688877428032E+02 -0.23842884677587E+02  0.57922595410512E+04 -0.10071897582372E+04  0.48825151195693E+04  0.33981397963288E+04  0.53027486719866E+07  0.10222716606017E+04  0.10938561625208E+07 -0.63091302209853E+05 -0.17429431547404E+06 -0.73015484135317E+06  0.00000000000000E+00  0.26061652170030E+05  0.00000000000000E+00  0.00000000000000E+00  0.63517275942574E+06  0.00000000000000E+00 -0.63148470839146E+04  0.00000000000000E+00  0.00000000000000E+00  0.13153620307971E+06  0.00000000000000E+00  0.00000000000000E+00  0.00000000000000E+00 -0.22826864843025E+05  0.00000000000000E+00  0.21472260491812E+05  0.00000000000000E+00  0.31289180676165E+06
   0.86948671520477E+05 -0.19783014445527E+05  0.39972936626081E+04  0.30319618825201E+05 -0.59522704096757E+04  0.32769420701173E+04  0.46106901747441E+04  0.35105563409812E+05 -0.67730631562308E+04 -0.17401364476553E+04  0.27727045006333E+03 -0.79208612111469E+01  0.12232785079642E+01  0.66935828635021E+00 -0.34702274896335E+03  0.50238270771199E+02 -0.32725615727275E+03 -0.20593786056041E+03 -0.25870225765164E+06 -0.38659204477347E+02 -0.63091302209853E+05  0.44327662786800E+04  0.11809984337959E+05  0.46319134026476E+05 -0.53353554730824E+02 -0.23339339230063E+04  0.19055143461448E+01  0.42579491269569E+03 -0.46909182074016E+05  0.00000000000000E+00 -0.15690428787883E+03  0.00000000000000E+00  0.22953295469383E+04 -0.57808092623560E+04  0.00000000000000E+00  0.00000000000000E+00  0.00000000000000E+00  0.16759273983171E+04 -0.40969356716211E+03 -0.30619950596489E+04  0.14417031670049E+04 -0.17663818931141E+05
   0.26856795712502E+06 -0.65781534703855E+05  0.12380762820003E+05  0.83975771549615E+05 -0.16555731286996E+05  0.87930811174689E+04  0.12501234791365E+05  0.10657086977907E+06 -0.21789733389958E+05 -0.49607628790977E+04  0.82556406506568E+03  0.14412865030639E+03  0.19202652339758E+02  0.17100766946561E+01 -0.97089433967806E+03  0.13148062389005E+03 -0.88414935718222E+03 -0.53455965810779E+03 -0.76807626827697E+06 -0.11869087682417E+03 -0.17429431547404E+06  0.11809984337959E+05  0.32312044494770E+05  0.12576438653723E+06 -0.16250146701490E+03 -0.58587304991902E+04 -0.53417827512874E+02 -0.68500590740532E+04 -0.12844423787021E+06  0.00000000000000E+00 -0.39159269825996E+03  0.00000000000000E+00  0.31004841909984E+04 -0.17832866249610E+05  0.00000000000000E+00  0.00000000000000E+00  0.00000000000000E+00  0.42109166699603E+04 -0.21772724484546E+04 -0.88371942898394E+04  0.11235787174608E+04 -0.49142579104608E+05
   0.99651725526819E+06 -0.27024370191656E+06  0.46918864221405E+05  0.32175156885205E+06 -0.66475214126819E+05  0.25738158430764E+05  0.44888437066900E+05  0.27802609322955E+06 -0.50548652821639E+05 -0.14941787763120E+05  0.22318660970525E+04 -0.86527455319792E+03 -0.92693097562022E+02  0.78885313125085E+01 -0.25569470496630E+04  0.40717895718297E+03 -0.21312799615509E+04 -0.14174980636211E+04 -0.33482290700367E+07 -0.60103377987639E+03 -0.73015484135317E+06  0.46319134026476E+05  0.12576438653723E+06  0.52296975239015E+06  0.25215776758759E+03 -0.26777461688582E+05 -0.66890222461040E+01  0.37387953307103E+05 -0.48350331244300E+06  0.00000000000000E+00 -0.18335748187453E+04  0.00000000000000E+00  0.15820675020666E+05 -0.80939661511741E+05  0.00000000000000E+00  0.00000000000000E+00  0.00000000000000E+00  0.19824674005345E+05  0.15578349287575E+04 -0.29160227979991E+05  0.20314721172439E+05 -0.19882535027227E+06
  -0.12712500177842E+06  0.16575729423820E+05 -0.54439573488859E+04 -0.12750897494510E+05  0.19993418485152E+04 -0.28787143333516E+04 -0.25415203939700E+04 -0.60903114623116E+05  0.11523404163002E+05  0.27548476547234E+04 -0.48782696120047E+03 -0.11878990984737E+04 -0.17668554063477E+03  0.72096837578062E-01 -0.25407725159531E+04  0.45949157527401E+03 -0.23272938155183E+04 -0.16546052922855E+04  0.34689165040865E+05  0.00000000000000E+00  0.00000000000000E+00 -0.53353554730824E+02 -0.16250146701490E+03  0.25215776758759E+03  0.11609627503843E+06  0.00000000000000E+00  0.00000000000000E+00  0.00000000000000E+00  0.00000000000000E+00  0.00000000000000E+00  0.00000000000000E+00  0.00000000000000E+00  0.00000000000000E+00  0.00000000000000E+00  0.00000000000000E+00  0.00000000000000E+00  0.00000000000000E+00  0.00000000000000E+00  0.00000000000000E+00  0.00000000000000E+00  0.00000000000000E+00  0.00000000000000E+00
  -0.53981654361779E+05  0.81978057792720E+04 -0.23233953717210E+04 -0.21119368177714E+05  0.33693171813924E+04 -0.44207142538750E+04 -0.39855535239880E+04 -0.49017041182744E+05  0.10916542704646E+05  0.19100339370148E+04 -0.36866527806684E+03  0.73010046285972E-10  0.55933459597434E-11  0.45540733068272E-12 -0.16735056000308E+04  0.28841860553762E+03 -0.15119187081731E+04 -0.10424393869119E+04  0.76999286518825E+05 -0.29394198310245E+02  0.26061652170030E+05 -0.23339339230063E+04 -0.58587304991902E+04 -0.26777461688582E+05  0.00000000000000E+00  0.64497660237669E+05  0.00000000000000E+00  0.00000000000000E+00  0.00000000000000E+00  0.00000000000000E+00  0.00000000000000E+00  0.00000000000000E+00  0.00000000000000E+00  0.00000000000000E+00  0.00000000000000E+00  0.00000000000000E+00  0.00000000000000E+00  0.00000000000000E+00  0.00000000000000E+00  0.00000000000000E+00  0.00000000000000E+00  0.00000000000000E+00
  -0.44320801418198E+04 -0.23446998511447E+03  0.47646503622012E+02 -0.63439525335270E+02 -0.56206484762874E+02  0.15999735072970E+03  0.13936355523618E+03 -0.67071356360198E+05  0.24198274665782E+05  0.73067775258468E+03 -0.34203823198581E+03 -0.75474235846268E+03 -0.29323738461408E+02 -0.63606203717719E+01 -0.24513761215070E+04  0.27976842978234E+03 -0.23450592836611E+04 -0.11925653163648E+04 -0.11922573389470E+04  0.00000000000000E+00  0.00000000000000E+00  0.19055143461448E+01 -0.53417827512874E+02 -0.66890222461040E+01  0.00000000000000E+00  0.00000000000000E+00  0.30626878928239E+05  0.00000000000000E+00  0.00000000000000E+00  0.00000000000000E+00  0.00000000000000E+00  0.00000000000000E+00  0.00000000000000E+00  0.00000000000000E+00  0.00000000000000E+00  0.00000000000000E+00  0.00000000000000E+00  0.00000000000000E+00  0.00000000000000E+00  0.00000000000000E+00  0.00000000000000E+00  0.00000000000000E+00
  -0.83819610721156E+06  0.20880312408885E+06 -0.38145582946504E+05 -0.65589782402444E+05  0.11965353819634E+05 -0.90659450074263E+04 -0.10260097569578E+05 -0.28258558618248E+06  0.65818115073199E+05  0.11027077712178E+05 -0.20856188261976E+04 -0.52580554151927E+04 -0.62404471744448E+03 -0.86385798798696E+00  0.20047078690730E+04 -0.17005661244011E+03  0.19961319794338E+04  0.95591090511858E+03  0.57466929844944E+06  0.00000000000000E+00  0.00000000000000E+00  0.42579491269569E+03 -0.68500590740532E+04  0.37387953307103E+05  0.00000000000000E+00  0.00000000000000E+00  0.00000000000000E+00  0.57684270110288E+06  0.00000000000000E+00  0.00000000000000E+00  0.00000000000000E+00  0.00000000000000E+00  0.00000000000000E+00  0.00000000000000E+00  0.00000000000000E+00  0.00000000000000E+00  0.00000000000000E+00  0.00000000000000E+00  0.00000000000000E+00  0.00000000000000E+00  0.00000000000000E+00  0.00000000000000E+00
  -0.10859417331342E+07  0.26291132992410E+06 -0.49576400269228E+05 -0.34033972588616E+06  0.63113036195678E+05 -0.44997513993036E+05 -0.53599933152804E+05 -0.56053762920086E+06  0.12633877287024E+06  0.23068796786088E+05 -0.41902098628850E+04  0.46384377059292E-09  0.80532752066832E-10 -0.26240673048032E-12  0.42421593459227E+04 -0.48612900759196E+03  0.41402125269673E+04  0.23014744698451E+04  0.28031411572857E+07  0.33114642445595E+03  0.63517275942574E+06 -0.46909182074016E+05 -0.12844423787021E+06 -0.48350331244300E+06  0.00000000000000E+00  0.00000000000000E+00  0.00000000000000E+00  0.00000000000000E+00  0.91588429975170E+06  0.00000000000000E+00  0.00000000000000E+00  0.00000000000000E+00  0.00000000000000E+00  0.00000000000000E+00  0.00000000000000E+00  0.00000000000000E+00  0.00000000000000E+00  0.00000000000000E+00  0.00000000000000E+00  0.00000000000000E+00  0.00000000000000E+00  0.00000000000000E+00
  -0.20509990825311E+05  0.57742813395512E+04 -0.97748578909548E+03 -0.14050839907412E+04  0.33747996395462E+03 -0.52633312204880E+01 -0.17358036458772E+03 -0.72416479030539E+05  0.23092138213221E+05  0.15276356129235E+04 -0.44191230070552E+03 -0.24838035859546E+04 -0.15558055664990E+03 -0.35839396341628E+01 -0.15005010108685E+04  0.15256129873596E+03 -0.12013866088827E+04 -0.61353009865618E+03  0.17893375647779E+05  0.00000000000000E+00  0.00000000000000E+00  0.00000000000000E+00  0.00000000000000E+00  0.00000000000000E+00  0.00000000000000E+00  0.00000000000000E+00  0.00000000000000E+00  0.00000000000000E+00  0.00000000000000E+00  0.14607577167622E+05  0.00000000000000E+00  0.00000000000000E+00  0.00000000000000E+00  0.00000000000000E+00  0.00000000000000E+00  0.00000000000000E+00  0.00000000000000E+00  0.00000000000000E+00  0.00000000000000E+00  0.00000000000000E+00  0.00000000000000E+00  0.00000000000000E+00
  -0.46258124935116E+05  0.13170118986677E+05 -0.22141168889776E+04 -0.24884969470097E+04  0.57804415513750E+03 -0.39317253180935E+02 -0.29764835345164E+03 -0.16204137819226E+06  0.51758861560132E+05  0.33502471595230E+04 -0.98925584375206E+03 -0.77304006687500E+02 -0.20559429181539E+02 -0.20589312671416E-04 -0.29290818118902E+04  0.29708932785710E+03 -0.23530039311449E+04 -0.12033087860951E+04  0.32024285749605E+05 -0.64322515087302E+01 -0.63148470839146E+04 -0.15690428787883E+03 -0.39159269825996E+03 -0.18335748187453E+04  0.00000000000000E+00  0.00000000000000E+00  0.00000000000000E+00  0.00000000000000E+00  0.00000000000000E+00  0.00000000000000E+00  0.31553284118004E+05  0.00000000000000E+00  0.00000000000000E+00  0.00000000000000E+00  0.00000000000000E+00  0.00000000000000E+00  0.00000000000000E+00  0.00000000000000E+00  0.00000000000000E+00  0.00000000000000E+00  0.00000000000000E+00  0.00000000000000E+00
  -0.30887857285796E+04  0.42151486380267E+03 -0.11693031079511E+03 -0.74395993084550E+02  0.96367265733186E+01 -0.20097509519354E+02 -0.14099393803293E+02 -0.13457184478401E+04  0.18422581003859E+03  0.43494153202420E+02 -0.11235946564597E+02 -0.83021940227598E+02 -0.67255997903797E+01 -0.14795370807563E+00 -0.71242737683902E+03  0.77170658942544E+02 -0.56657652747834E+03 -0.31422624476313E+03  0.23751340545830E+03  0.00000000000000E+00  0.00000000000000E+00  0.00000000000000E+00  0.00000000000000E+00  0.00000000000000E+00  0.00000000000000E+00  0.00000000000000E+00  0.00000000000000E+00  0.00000000000000E+00  0.00000000000000E+00  0.00000000000000E+00  0.00000000000000E+00  0.37867333069222E+04  0.00000000000000E+00  0.00000000000000E+00  0.00000000000000E+00  0.00000000000000E+00  0.00000000000000E+00  0.00000000000000E+00  0.00000000000000E+00  0.00000000000000E+00  0.00000000000000E+00  0.00000000000000E+00
  -0.19859845125705E+06  0.63397838621253E+05 -0.96841380008730E+04 -0.11731741758937E+05  0.29866720532585E+04  0.33878425068801E+03 -0.10898399144478E+04 -0.57625462404673E+04  0.60983434664778E+03  0.58750326752233E+03 -0.50130750305292E+02 -0.24932927418018E+00 -0.18067596945592E+00  0.10024936790856E-13  0.20874255233063E+03 -0.55057063600491E+02  0.60381311941607E+02  0.87084625203984E+02  0.18697306954830E+06  0.00000000000000E+00  0.00000000000000E+00  0.22953295469383E+04  0.31004841909984E+04  0.15820675020666E+05  0.00000000000000E+00  0.00000000000000E+00  0.00000000000000E+00  0.00000000000000E+00  0.00000000000000E+00  0.00000000000000E+00  0.00000000000000E+00  0.00000000000000E+00  0.10557409667232E+06  0.00000000000000E+00  0.00000000000000E+00  0.00000000000000E+00  0.00000000000000E+00  0.00000000000000E+00  0.00000000000000E+00  0.00000000000000E+00  0.00000000000000E+00  0.00000000000000E+00
  -0.22407958198923E+06  0.70886353872877E+05 -0.10890480444483E+05 -0.52658492754428E+05  0.13174550114292E+05  0.11024486294931E+04 -0.50644226705486E+04 -0.11298776904108E+05  0.12342348499226E+04  0.11122202816719E+04 -0.98060809649377E+02 -0.71991050198741E-10 -0.68694187588134E-11  0.77648226349928E-13  0.37561221715098E+03 -0.97705636081948E+02  0.11940916701824E+03  0.16238473842792E+03  0.81551798739788E+06  0.20139877106421E+03  0.13153620307971E+06 -0.57808092623560E+04 -0.17832866249610E+05 -0.80939661511741E+05  0.00000000000000E+00  0.00000000000000E+00  0.00000000000000E+00  0.00000000000000E+00  0.00000000000000E+00  0.00000000000000E+00  0.00000000000000E+00  0.00000000000000E+00  0.00000000000000E+00  0.13848103473446E+06  0.00000000000000E+00  0.00000000000000E+00  0.00000000000000E+00  0.00000000000000E+00  0.00000000000000E+00  0.00000000000000E+00  0.00000000000000E+00  0.00000000000000E+00
  -0.91716286098322E+04  0.24777639318559E+04 -0.42853676876259E+03 -0.25267759358446E+04  0.48621512207337E+03 -0.28377887280895E+03 -0.38446189615073E+03 -0.16318736485599E+02 -0.11763276616757E+04  0.13848090099928E+03 -0.15903156530062E+02 -0.18557496033377E+01 -0.19731452123103E+00 -0.18169131740910E-02 -0.27789296542504E+04  0.41203276011796E+03 -0.23883174760126E+04 -0.15463677924346E+04  0.25350102648538E+05  0.00000000000000E+00  0.00000000000000E+00  0.00000000000000E+00  0.00000000000000E+00  0.00000000000000E+00  0.00000000000000E+00  0.00000000000000E+00  0.00000000000000E+00  0.00000000000000E+00  0.00000000000000E+00  0.00000000000000E+00  0.00000000000000E+00  0.00000000000000E+00  0.00000000000000E+00  0.00000000000000E+00  0.83470096311890E+04  0.00000000000000E+00  0.00000000000000E+00  0.00000000000000E+00  0.00000000000000E+00  0.00000000000000E+00  0.00000000000000E+00  0.00000000000000E+00
  -0.32469411319859E+04  0.78668231402973E+03 -0.14923965173498E+03 -0.98525836025480E+03  0.18016432214238E+03 -0.14233425998185E+03 -0.16173703397498E+03  0.13447397407158E+03 -0.66233199041493E+03  0.61651887287059E+02 -0.74599284296455E+01 -0.79583743868643E+00 -0.76500081814869E-01 -0.99755777224838E-03 -0.14870496006578E+04  0.20560085752541E+03 -0.12940648615563E+04 -0.80498010061177E+03  0.79997731291420E+04  0.00000000000000E+00  0.00000000000000E+00  0.00000000000000E+00  0.00000000000000E+00  0.00000000000000E+00  0.00000000000000E+00  0.00000000000000E+00  0.00000000000000E+00  0.00000000000000E+00  0.00000000000000E+00  0.00000000000000E+00  0.00000000000000E+00  0.00000000000000E+00  0.00000000000000E+00  0.00000000000000E+00  0.00000000000000E+00  0.42749028150542E+04  0.00000000000000E+00  0.00000000000000E+00  0.00000000000000E+00  0.00000000000000E+00  0.00000000000000E+00  0.00000000000000E+00
  -0.15026539434279E+05 -0.23610300245579E+04  0.44003912536611E+02 -0.93861757391238E+04  0.32715262690739E+03 -0.30608294209343E+04 -0.12831866232537E+04 -0.26244990138186E+06  0.11169696353846E+06  0.30955131114044E+04 -0.11590594327407E+04  0.30073654381172E+03  0.30129533548224E+02 -0.16256173633149E+01 -0.25010229434393E+04 -0.26782320384314E+03  0.10090772949040E+04  0.12250410912426E+04 -0.19232001944083E+05  0.00000000000000E+00  0.00000000000000E+00  0.00000000000000E+00  0.00000000000000E+00  0.00000000000000E+00  0.00000000000000E+00  0.00000000000000E+00  0.00000000000000E+00  0.00000000000000E+00  0.00000000000000E+00  0.00000000000000E+00  0.00000000000000E+00  0.00000000000000E+00  0.00000000000000E+00  0.00000000000000E+00  0.00000000000000E+00  0.00000000000000E+00  0.12367181793603E+06  0.00000000000000E+00  0.00000000000000E+00  0.00000000000000E+00  0.00000000000000E+00  0.00000000000000E+00
   0.16635550093254E+05 -0.22366429276828E+04  0.71343715214393E+03 -0.15605156712274E+05  0.24871513865799E+04 -0.34414240012779E+04 -0.32078767132676E+04 -0.87142291112066E+04  0.16022691954855E+04  0.44644519772122E+03 -0.69858357771426E+02  0.33201828514944E+03  0.74831050873897E+02  0.61619437299988E-04  0.18165421569716E+03 -0.32455240621305E+02  0.19502399159469E+03  0.14013237347092E+03  0.45013197753769E+05  0.14863483334196E+02 -0.22826864843025E+05  0.16759273983171E+04  0.42109166699603E+04  0.19824674005345E+05  0.00000000000000E+00  0.00000000000000E+00  0.00000000000000E+00  0.00000000000000E+00  0.00000000000000E+00  0.00000000000000E+00  0.00000000000000E+00  0.00000000000000E+00  0.00000000000000E+00  0.00000000000000E+00  0.00000000000000E+00  0.00000000000000E+00  0.00000000000000E+00  0.39222590841584E+05  0.00000000000000E+00  0.00000000000000E+00  0.00000000000000E+00  0.00000000000000E+00
