# fitpack15: fit parameters                                                                         
# CJ15 AV18 final data choices                                                                      
# Created on 07/15/2019 at 16:02:14                                                                 

 # QCD setup
  INS                           0
  NVL                          11
  IORD                          1
  Q02                   1.6899999999999999     
  IPARAMC                       7
  FLAVOR                4.0000000000000000     
  xmc                   1.3000000000000000     
  xmb                   4.5000000000000000     
  ncb                          12
  ihq                           1
  ias                           0

 # Theory corrections
  inuke                     10114
  itmc                          1
  iht                           1

 # fit parameters
 LAMBDA       0.22680        0.0000    
 a0uv          2.3368        0.0000    
 a1uv         0.60826       0.20446E-01
 a2uv          3.5488       0.12165E-01
 a3uv          0.0000        0.0000    
 a4uv          3.6042       0.45429    
 a5uv          0.0000        0.0000    
 a0dv          25.483        0.0000    
 a1dv          1.1661       0.32713E-01
 a2dv          6.5709       0.15880    
 a3dv         -3.5059       0.83891E-01
 a4dv          4.6458       0.13738    
 a5dv          0.0000        0.0000    
 a0ud         0.14642       0.50152E-02
 a1ud        -0.20786       0.37391E-02
 a2ud          8.3226       0.19149    
 a3ud          0.0000        0.0000    
 a4ud          14.281        1.2192    
 a5ud          0.0000        0.0000    
 a0du          35712.        0.0000    
 a1du          4.0858       0.90017E-01
 a2du          20.314       0.97195    
 a3du          17.000        0.0000    
 a4du          58.354        14.334    
 a0g           46.906        0.0000    
 a1g          0.60837       0.30333E-01
 a2g           6.2581       0.90163    
 a3g          -3.3707       0.12596    
 a4g           3.2522       0.29055    
 a5g           0.0000        0.0000    
 kappa        0.40000        0.0000    
 a6dv        -0.35735E-02   0.69096E-03
 a7dv          2.0000        0.0000    
 off1         -1.9052        1.0349    
 off2         0.27550        9.0427    
 off3         0.28029        9.0625    
 ht1          -3.2647       0.27100    
 ht2           1.9163       0.11249    
 ht3          -2.1044       0.29151E-01
 ht4           0.0000        0.0000    
 dummy41       0.0000        0.0000    
 dummy42       0.0000        0.0000    
 dummy43       0.0000        0.0000    
 dummy44       0.0000        0.0000    
 dummy45       0.0000        0.0000    
 dummy46       0.0000        0.0000    
 dummy47       0.0000        0.0000    
 dummy48       0.0000        0.0000    
 dummy49       0.0000        0.0000    
 bcdmsh2      0.97171       0.48594E-02
 bcdmsd2      0.99181       0.58440E-02
 ccfr          1.0000        0.0000    
 nutev         1.0000        0.0000    
 zeus         0.97998        0.0000    
 h1            1.0162        0.0000    
 e605          1.0319        0.0000    
 NmcH2         1.0081       0.71082E-02
 ntv_nu        1.0000        0.0000    
 ntv_nuba      1.0000        0.0000    
 cdf_jet      0.98910        0.0000    
 d0_jet       0.83504        0.0000    
 slac_p        1.0040       0.48569E-02
 slac_d        1.0024       0.52923E-02
 e866pp       0.96833       0.19163E-01
 e866pd       0.95278       0.17227E-01
 d0_gamje      1.0401       0.16507E-01
 h1b          0.97608        0.0000    
 jlab_p       0.99606       0.58320E-02
 jlab_d       0.97516       0.59419E-02
 blank         1.0000        0.0000    
 d0run2       0.94866       0.14842E-01
 cdfrun2      0.93309       0.17563E-01
 HERA_el       1.0000        0.0000    
 HERA_ps       1.0000        0.0000    
 CDF_Z        0.96088       0.66223E-02
 NmcRat        1.0000        0.0000    
 BNS_F2nd     0.97931       0.73345E-02
 HERMES_F     0.99680       0.56003E-02
 HERMES_F     0.97870       0.58311E-02
 END 0. 0.

 # Hessian matrix (Bevington alpha)
   0.49341445101886E+07 -0.12966302966537E+07  0.22894969449519E+06  0.47889753859259E+06 -0.12604689420393E+06 -0.23588036427304E+05  0.56196953473714E+05  0.90043107173390E+06 -0.17240832339150E+06 -0.48071582322505E+05  0.74718075959431E+04  0.14163522396231E+05  0.15875867393926E+04 -0.97675124126042E+02  0.81549452389846E+04 -0.21088198236767E+04  0.11787786264032E+05  0.84801885732489E+04 -0.77173114919081E+07 -0.29812018689426E+04 -0.20003887189767E+05 -0.20605446123892E+05 -0.19800282615811E+05 -0.93077727736655E+04 -0.22574589150392E+06 -0.12766833785173E+06 -0.54070152767158E+05 -0.45039964311850E+04 -0.84363879004390E+06 -0.10923913417867E+07 -0.20686171066194E+05 -0.47018518599298E+05 -0.30875589483101E+04 -0.19909161785032E+06 -0.22515646387071E+06 -0.89183030916561E+04 -0.31634269509521E+04 -0.15810052206296E+05  0.16623938028725E+05 -0.71233943087148E+05 -0.56143657049884E+05
  -0.12966302966537E+07  0.41506162769522E+06 -0.62113529883018E+05 -0.13505140620097E+06  0.35159210840779E+05  0.90285296035518E+04 -0.12454375258453E+05 -0.12084858990736E+06  0.26314814265495E+05  0.74107023665222E+04 -0.94635679624827E+03 -0.11349984446750E+04 -0.13127048768561E+03  0.11829634949810E+02  0.78729176971314E+03 -0.73198279291500E+02  0.27659342576753E+03  0.16814440250572E+03  0.26450621700848E+07  0.10851758122659E+04  0.71472283030009E+04  0.73056734646921E+04  0.90141778740507E+04  0.96698770926614E+04  0.66627285947832E+05  0.16595605189842E+05  0.82212797024881E+04 -0.23549955983020E+03  0.20980967944203E+06  0.26529310088559E+06  0.58040907541130E+04  0.13364820522079E+05  0.41963001431394E+03  0.63438295285474E+05  0.71428647683125E+05  0.24146927592455E+04  0.76817399118239E+03 -0.23088410040429E+04 -0.22704364931055E+04  0.85836261410697E+04  0.72207369145755E+04
   0.22894969449519E+06 -0.62113529883018E+05  0.10735929627245E+05  0.22443311179949E+05 -0.59983546012536E+04 -0.13339771638344E+04  0.25537778229386E+04  0.30692405750890E+05 -0.57276328215294E+04 -0.19341514760243E+04  0.25907320300733E+03  0.43679740391906E+03  0.56344783355795E+02 -0.42634247295431E+01 -0.37650574255438E+03 -0.39963151507497E+01 -0.19804021581630E+03 -0.25505097325706E+02 -0.37354689929077E+06 -0.14338430813133E+03 -0.98031488057446E+03 -0.10080666678631E+04 -0.10250660018079E+04 -0.72121756637059E+03 -0.10732251331125E+05 -0.54340224531323E+04 -0.23175879997659E+04  0.46941822183909E+02 -0.38152181388537E+05 -0.49666350866817E+05 -0.97930218955189E+03 -0.22364520772893E+04 -0.11616068669262E+03 -0.96429045609579E+04 -0.10893841465750E+05 -0.41473970354122E+03 -0.14474660328592E+03  0.23247858475448E+02  0.71282342107583E+03 -0.25270958386898E+04 -0.20481738022932E+04
   0.47889753859259E+06 -0.13505140620097E+06  0.22443311179949E+05  0.39465298273893E+06 -0.62197568795217E+05  0.77951363322862E+05  0.66142643985458E+05  0.34037247081298E+06 -0.24988666421792E+05 -0.17967154874319E+05  0.33591643922444E+04 -0.13482080542046E+04 -0.14698836670357E+03  0.50034699219398E+02  0.31415910066817E+05 -0.39344280642978E+04  0.29999467493018E+05  0.16844590560063E+05 -0.22853197563144E+07 -0.55536226052416E+03 -0.45716222796216E+04 -0.47464323169740E+04 -0.15155462802556E+04  0.24212942568376E+04 -0.39971699063139E+05 -0.12707550328900E+05 -0.21058534998433E+05 -0.60573420408782E+02 -0.65719804725066E+05 -0.34023500524931E+06 -0.13492647605277E+04 -0.24989397413671E+04 -0.70747251637226E+02 -0.11723101754525E+05 -0.52462930014186E+05 -0.24399415546449E+04 -0.95364905355047E+03 -0.95813122928467E+04 -0.15892030383424E+05 -0.71787328722575E+04 -0.21248036522207E+05
  -0.12604689420393E+06  0.35159210840779E+05 -0.59983546012536E+04 -0.62197568795217E+05  0.11657094919639E+05 -0.81312422098665E+04 -0.96364148081944E+04 -0.31806247978182E+05  0.35353346904815E+03  0.23531651523325E+04 -0.34193302025017E+03 -0.23134716767593E+02  0.48926914496162E+01 -0.44337641147590E+01 -0.26716469699704E+04  0.34203344886544E+03 -0.24781261952878E+04 -0.14132131044917E+04  0.50343838519517E+06  0.13029096578582E+03  0.11530780765646E+04  0.11860221677123E+04  0.61568016520701E+03  0.35847931830115E+03  0.87671624195798E+04  0.19881157847431E+04  0.33592664803542E+04 -0.57069182008217E+02  0.11930917418438E+05  0.63072823118123E+05  0.32436093036440E+03  0.57946002218955E+03  0.90942317425564E+01  0.29609467513563E+04  0.13112406549199E+05  0.46898615331199E+03  0.17424404310867E+03  0.35178481273306E+03  0.25205277967177E+04  0.81640281573062E+03  0.25139907473425E+04
  -0.23588036427304E+05  0.90285296035518E+04 -0.13339771638344E+04  0.77951363322862E+05 -0.81312422098665E+04  0.25733226118350E+05  0.15591937820789E+05  0.10578780319673E+06 -0.93435958052763E+04 -0.46549086554695E+04  0.10266607117014E+04 -0.68308063026252E+03 -0.65523657835858E+02  0.17310975793961E+02  0.98036992997377E+04 -0.12591389727531E+04  0.95232253551428E+04  0.54229028138815E+04 -0.71341570075341E+05  0.26908723414793E+02  0.18507982087463E+03  0.16522397449466E+03  0.74016641389712E+03  0.24724397443304E+04 -0.17843202669766E+04 -0.29040449466424E+04 -0.44471281320147E+04  0.16287607921141E+03 -0.91642867700659E+04 -0.44977626503701E+05 -0.14560125407188E+01 -0.36184771535885E+02 -0.19427157502098E+02  0.33150511033011E+03  0.12452954995370E+04 -0.27307858696444E+03 -0.13801111168715E+03 -0.31182462124911E+04 -0.35550158672468E+04 -0.18930430578299E+04 -0.54508357024400E+04
   0.56196953473714E+05 -0.12454375258453E+05  0.25537778229386E+04  0.66142643985458E+05 -0.96364148081944E+04  0.15591937820789E+05  0.12148333545219E+05  0.58515524818635E+05 -0.29501935441784E+04 -0.33084629699157E+04  0.59920697957427E+03 -0.21783529645841E+03 -0.26294237812877E+02  0.90344522070693E+01  0.50634348811922E+04 -0.66231803439755E+03  0.47737602188002E+04  0.27573746906215E+04 -0.26357552526004E+06 -0.38269374974600E+02 -0.46097164141003E+03 -0.48624722549723E+03  0.14849960247054E+03  0.11465172731369E+04 -0.50825593558446E+04 -0.25518631997192E+04 -0.40046322602254E+04  0.14133661191617E+03 -0.10323404331090E+05 -0.53819307114723E+05 -0.16631714842354E+03 -0.29895630834114E+03 -0.13537851397171E+02 -0.10918370650005E+04 -0.50212101014413E+04 -0.37228756209748E+03 -0.15722370194424E+03 -0.13197494470480E+04 -0.32861555009034E+04 -0.11709717755448E+04 -0.34887134387337E+04
   0.90043107173390E+06 -0.12084858990736E+06  0.30692405750890E+05  0.34037247081298E+06 -0.31806247978182E+05  0.10578780319673E+06  0.58515524818635E+05  0.49263764978028E+07 -0.22998372066266E+07 -0.83803285964952E+05  0.25863458505102E+05  0.24335309497135E+05  0.16319902428796E+04  0.78669477475368E+02  0.82496158376401E+05 -0.10747255442869E+05  0.91279277178116E+05  0.49170778301438E+05 -0.58354285109477E+06 -0.74368684983033E+03  0.55634376730803E+04  0.52375153778280E+04  0.72299099555415E+04  0.36311981584347E+05 -0.28927831209189E+05 -0.60041064627829E+05 -0.48027718047091E+05 -0.66980113719388E+05 -0.27973641395729E+06 -0.55258324451506E+06 -0.72491718488569E+05 -0.16363009847795E+06 -0.13387598901648E+04 -0.56877427900326E+04 -0.11184511909405E+05  0.34271289760192E+03  0.28269884691896E+03 -0.26118803971286E+06 -0.83954173061636E+04 -0.13688644681817E+06 -0.16909382211634E+06
  -0.17240832339150E+06  0.26314814265495E+05 -0.57276328215294E+04 -0.24988666421792E+05  0.35353346904815E+03 -0.93435958052763E+04 -0.29501935441784E+04 -0.22998372066266E+07  0.19246410528469E+07  0.18681240780248E+05 -0.65124221214763E+04 -0.52345766899324E+04 -0.28712709510354E+03 -0.10025308819827E+02  0.50480428522997E+05 -0.25070623056282E+04  0.18690199718731E+05  0.92411960145468E+04 -0.26537552139384E+05  0.23987444268358E+03 -0.21429169215545E+04 -0.20598782545082E+04 -0.17696852556635E+04 -0.92271556582349E+04  0.47169916981394E+04  0.11308663925866E+05  0.10662731819882E+05  0.24169824045270E+05  0.65271630622971E+05  0.12477475500958E+06  0.23128374905843E+05  0.52279159251574E+05  0.18262488438301E+03  0.63887564423303E+03  0.12851950770573E+04 -0.12767573169688E+04 -0.70266566538436E+03  0.11134029680056E+06  0.15448548142144E+04  0.44188334941904E+05  0.54067561384957E+05
  -0.48071582322505E+05  0.74107023665222E+04 -0.19341514760243E+04 -0.17967154874319E+05  0.23531651523325E+04 -0.46549086554695E+04 -0.33084629699157E+04 -0.83803285964952E+05  0.18681240780248E+05  0.25877827446776E+04 -0.63815834746808E+03 -0.62670519685200E+03 -0.55107978322175E+02 -0.14847128633564E+01 -0.40315920631296E+04  0.50488627790745E+03 -0.38991337373764E+04 -0.22020421420215E+04  0.58060431251472E+05  0.20061242136891E+02 -0.85397976245257E+01  0.30862243245283E+01 -0.21172285342473E+03 -0.10820662151359E+04  0.18425114814532E+04  0.27114089426295E+04  0.18695664596050E+04  0.72728003333371E+03  0.10852377609429E+05  0.22631223493490E+05  0.15200943340642E+04  0.33701822211619E+04  0.43072911201705E+02  0.56750526876228E+03  0.10799287733639E+04  0.12612955705589E+03  0.56571048856019E+02  0.30642687619853E+04  0.43034119467359E+03  0.27778683688351E+04  0.35151074964742E+04
   0.74718075959431E+04 -0.94635679624827E+03  0.25907320300733E+03  0.33591643922444E+04 -0.34193302025017E+03  0.10266607117014E+04  0.59920697957427E+03  0.25863458505102E+05 -0.65124221214763E+04 -0.63815834746808E+03  0.18309851660710E+03  0.18820477630621E+03  0.13712790479736E+02  0.57651468893145E+00  0.12922456727366E+04 -0.14674343349469E+03  0.12009900242256E+04  0.65303380944892E+03 -0.67250655344424E+04 -0.45638565972244E+01  0.30041614984733E+02  0.27703445368977E+02  0.53751723422524E+02  0.26381047095691E+03 -0.24212546124707E+03 -0.49066922920937E+03 -0.36812297420281E+03 -0.34506554408853E+03 -0.20996660301956E+04 -0.42017332083280E+04 -0.44869065151110E+03 -0.10132742004534E+04 -0.11363253209811E+02 -0.50049065075461E+02 -0.98289016595650E+02 -0.13829037522412E+02 -0.66094101731172E+01 -0.11646018007428E+04 -0.68552566869013E+02 -0.84527781109897E+03 -0.10521630219162E+04
   0.14163522396231E+05 -0.11349984446750E+04  0.43679740391906E+03 -0.13482080542046E+04 -0.23134716767593E+02 -0.68308063026252E+03 -0.21783529645841E+03  0.24335309497135E+05 -0.52345766899324E+04 -0.62670519685200E+03  0.18820477630621E+03  0.14573525757234E+04  0.96221980969042E+02 -0.12537029829290E+01  0.13375770566850E+04 -0.19024897766459E+03  0.15917195998824E+04  0.90964476178393E+03 -0.59726501256367E+04  0.62613576128199E+01 -0.89066942223094E+02 -0.86754159217557E+02  0.52034187786833E+02  0.27932195373051E+03 -0.56082947480251E+02 -0.10607732716731E+04 -0.95850782350325E-11 -0.66871013821502E+03 -0.47003554889329E+04  0.36192050313194E-09 -0.22255578928151E+04 -0.67142377699902E+02 -0.74178667377782E+02 -0.18289590585852E+00 -0.16057691612291E-09 -0.16264138729010E+01 -0.70362814056604E+00  0.25007476138487E+03  0.28790665130742E+03 -0.25573208805464E+04 -0.99478225778596E-10
   0.15875867393926E+04 -0.13127048768561E+03  0.56344783355795E+02 -0.14698836670357E+03  0.48926914496162E+01 -0.65523657835858E+02 -0.26294237812877E+02  0.16319902428796E+04 -0.28712709510354E+03 -0.55107978322175E+02  0.13712790479736E+02  0.96221980969042E+02  0.86427868260981E+01 -0.15231193395414E+00  0.74735594781089E+02 -0.12809710260077E+02  0.96714743734041E+02  0.59865365415465E+02 -0.28094852733966E+03  0.86487606914332E-01 -0.38057821385967E+01 -0.36839280632035E+01  0.65351926525655E+01  0.30827163183309E+02 -0.11043046765228E+02 -0.15535230899941E+03 -0.17952177129423E-11 -0.26130187983466E+02 -0.55014387648138E+03  0.10862765840451E-10 -0.13930843670427E+03 -0.17569333575110E+02 -0.59836343471114E+01 -0.13170100976757E+00 -0.72121762250786E-11 -0.17101695533214E+00 -0.67082135006317E-01  0.25621334031714E+02  0.64267068056308E+02 -0.18409099041502E+03  0.42077571238620E-13
  -0.97675124126042E+02  0.11829634949810E+02 -0.42634247295431E+01  0.50034699219398E+02 -0.44337641147590E+01  0.17310975793961E+02  0.90344522070693E+01  0.78669477475368E+02 -0.10025308819827E+02 -0.14847128633564E+01  0.57651468893145E+00 -0.12537029829290E+01 -0.15231193395414E+00  0.38119245399567E-01  0.12238282272890E+02 -0.94221682235611E+00  0.82024479738002E+01  0.38744164092784E+01 -0.72413136198502E+02  0.94549233476195E-01 -0.70545240649742E+00 -0.69451681658774E+00 -0.63370343807214E-02  0.11382954753623E-02  0.13580295512574E-01  0.56773242706168E-01  0.15234135512261E-12 -0.47783780127890E+01 -0.45258433623689E+00  0.32706194771721E-11 -0.22987775066329E+01 -0.43805793495358E-05 -0.10568894595920E+00  0.00000000000000E+00  0.13916458199540E-13 -0.12602063539916E-02 -0.69952628373907E-03 -0.16101164383197E+01  0.92749520267042E-05 -0.21656765623522E+01  0.34016197788803E-12
   0.81549452389846E+04  0.78729176971314E+03 -0.37650574255438E+03  0.31415910066817E+05 -0.26716469699704E+04  0.98036992997377E+04  0.50634348811922E+04  0.82496158376401E+05  0.50480428522997E+05 -0.40315920631296E+04  0.12922456727366E+04  0.13375770566850E+04  0.74735594781089E+02  0.12238282272890E+02  0.50088179833745E+05 -0.47671075100802E+04  0.39349886021123E+05  0.20588906108713E+05 -0.57091768696967E+05 -0.14742138525014E+01  0.88424900494937E+02  0.88858958641627E+02 -0.27153796002504E+02 -0.14662961015402E+03  0.73201587548447E+03 -0.28159695449516E+04 -0.18443487673393E+04 -0.24811522255644E+04  0.19093479697680E+04  0.42144571588484E+04 -0.15348367117214E+04 -0.30672280633771E+04 -0.72810655997571E+03  0.30126575075382E+03  0.53614371949954E+03 -0.29488615014746E+04 -0.15548777329465E+04 -0.22450909359862E+04  0.19287172131915E+03 -0.91686997914287E+03 -0.10366997602495E+04
  -0.21088198236767E+04 -0.73198279291500E+02 -0.39963151507497E+01 -0.39344280642978E+04  0.34203344886544E+03 -0.12591389727531E+04 -0.66231803439755E+03 -0.10747255442869E+05 -0.25070623056282E+04  0.50488627790745E+03 -0.14674343349469E+03 -0.19024897766459E+03 -0.12809710260077E+02 -0.94221682235611E+00 -0.47671075100802E+04  0.52983685474381E+03 -0.42924065124557E+04 -0.23342161600889E+04  0.69043935983035E+04 -0.12410975870858E-01 -0.19913768255566E+02 -0.19870896069318E+02 -0.60075057846016E+01 -0.15214877127194E+02 -0.15421116570434E+03  0.53355890467452E+03  0.33470048507395E+03  0.28979427882513E+03 -0.14382599028131E+03 -0.46791586656151E+03  0.16349324410720E+03  0.32517807742599E+03  0.82376651015015E+02 -0.81550042460862E+02 -0.14338453214422E+03  0.46546581681242E+03  0.22764706596790E+03 -0.34147398824595E+03 -0.34611369384392E+02  0.26103166803489E+03  0.29401514517426E+03
   0.11787786264032E+05  0.27659342576753E+03 -0.19804021581630E+03  0.29999467493018E+05 -0.24781261952878E+04  0.95232253551428E+04  0.47737602188002E+04  0.91279277178116E+05  0.18690199718731E+05 -0.38991337373764E+04  0.12009900242256E+04  0.15917195998824E+04  0.96714743734041E+02  0.82024479738002E+01  0.39349886021123E+05 -0.42924065124557E+04  0.35481537659045E+05  0.19091366496825E+05 -0.54781940957823E+05 -0.70613586391472E+01  0.10911829221127E+03  0.10918308217377E+03 -0.86684731751125E+02 -0.26660885856033E+03  0.65555940739247E+03 -0.30578668247666E+04 -0.19627745333696E+04 -0.27144715188843E+04  0.22939168244773E+04  0.50325914133523E+04 -0.13922790207517E+04 -0.27972323620051E+04 -0.67447164096725E+03  0.99022351394856E+02  0.19329049569819E+03 -0.29539443285159E+04 -0.15841158317024E+04  0.16902956820893E+04  0.26672262984508E+03 -0.19082741875204E+04 -0.21275718901562E+04
   0.84801885732489E+04  0.16814440250572E+03 -0.25505097325706E+02  0.16844590560063E+05 -0.14132131044917E+04  0.54229028138815E+04  0.27573746906215E+04  0.49170778301438E+05  0.92411960145468E+04 -0.22020421420215E+04  0.65303380944892E+03  0.90964476178393E+03  0.59865365415465E+02  0.38744164092784E+01  0.20588906108713E+05 -0.23342161600889E+04  0.19091366496825E+05  0.10405760935085E+05 -0.30492866582704E+05 -0.32883273657885E+01  0.79073866850789E+02  0.78933534374149E+02 -0.28801637296406E+02 -0.72750357364398E+02  0.51378182911175E+03 -0.21288278000944E+04 -0.13325863615292E+04 -0.13595844754258E+04  0.10489793770812E+04  0.27148770660394E+04 -0.70717794394818E+03 -0.14211237377694E+04 -0.37143894939613E+03  0.13793379832915E+03  0.25461342855643E+03 -0.19054758495446E+04 -0.97984032582399E+03  0.17073681602621E+04  0.18242516675413E+03 -0.12986555454432E+04 -0.14496315386180E+04
  -0.77173114919081E+07  0.26450621700848E+07 -0.37354689929077E+06 -0.22853197563144E+07  0.50343838519517E+06 -0.71341570075341E+05 -0.26357552526004E+06 -0.58354285109477E+06 -0.26537552139384E+05  0.58060431251472E+05 -0.67250655344424E+04 -0.59726501256367E+04 -0.28094852733966E+03 -0.72413136198502E+02 -0.57091768696967E+05  0.69043935983035E+04 -0.54781940957823E+05 -0.30492866582704E+05  0.34835845753769E+08  0.12284044480959E+05  0.85068967372290E+05  0.86774541889659E+05  0.68499941148675E+05  0.77878287117440E+05  0.49034157342744E+06  0.34698359055147E+05  0.77643500033853E+05 -0.12235048391637E+04  0.57975216766061E+06  0.28412135038066E+07  0.17484849184667E+05  0.32571472265362E+05  0.22158412253466E+03  0.18788599499880E+06  0.82495307972502E+06  0.24802203632571E+05  0.78430096131400E+04 -0.18754509891643E+05  0.45827876076256E+05  0.21087851210600E+05  0.65403872764768E+05
  -0.29812018689426E+04  0.10851758122659E+04 -0.14338430813133E+03 -0.55536226052416E+03  0.13029096578582E+03  0.26908723414793E+02 -0.38269374974600E+02 -0.74368684983033E+03  0.23987444268358E+03  0.20061242136891E+02 -0.45638565972244E+01  0.62613576128199E+01  0.86487606914332E-01  0.94549233476195E-01 -0.14742138525014E+01 -0.12410975870858E-01 -0.70613586391472E+01 -0.32883273657885E+01  0.12284044480959E+05  0.85216696198810E+01  0.31928630843986E+02  0.32970897748092E+02  0.28577705169683E+02  0.27018708464968E+02  0.18157583322760E+03  0.00000000000000E+00  0.23215273032215E+02  0.00000000000000E+00  0.00000000000000E+00  0.13310312861063E+04  0.00000000000000E+00  0.00000000000000E+00  0.00000000000000E+00  0.00000000000000E+00  0.36781987324448E+03  0.00000000000000E+00  0.00000000000000E+00  0.00000000000000E+00 -0.11253642109871E+02  0.00000000000000E+00  0.98291982818760E+02
  -0.20003887189767E+05  0.71472283030009E+04 -0.98031488057446E+03 -0.45716222796216E+04  0.11530780765646E+04  0.18507982087463E+03 -0.46097164141003E+03  0.55634376730803E+04 -0.21429169215545E+04 -0.85397976245257E+01  0.30041614984733E+02 -0.89066942223094E+02 -0.38057821385967E+01 -0.70545240649742E+00  0.88424900494937E+02 -0.19913768255566E+02  0.10911829221127E+03  0.79073866850789E+02  0.85068967372290E+05  0.31928630843986E+02  0.39723944161118E+03  0.40048756256275E+03  0.20379368353140E+03  0.30180526410777E+03  0.13092741004714E+04  0.00000000000000E+00 -0.10208825371993E+03  0.00000000000000E+00  0.00000000000000E+00  0.76299347848739E+04  0.00000000000000E+00  0.00000000000000E+00  0.00000000000000E+00  0.00000000000000E+00  0.26750394669419E+04  0.00000000000000E+00  0.00000000000000E+00  0.00000000000000E+00 -0.93543017865196E+02  0.00000000000000E+00 -0.57003968433045E+03
  -0.20605446123892E+05  0.73056734646921E+04 -0.10080666678631E+04 -0.47464323169740E+04  0.11860221677123E+04  0.16522397449466E+03 -0.48624722549723E+03  0.52375153778280E+04 -0.20598782545082E+04  0.30862243245283E+01  0.27703445368977E+02 -0.86754159217557E+02 -0.36839280632035E+01 -0.69451681658774E+00  0.88858958641627E+02 -0.19870896069318E+02  0.10918308217377E+03  0.78933534374149E+02  0.86774541889659E+05  0.32970897748092E+02  0.40048756256275E+03  0.40398811186178E+03  0.20555356384217E+03  0.29897723539943E+03  0.13445190216729E+04  0.00000000000000E+00 -0.78258473328533E+02  0.00000000000000E+00  0.00000000000000E+00  0.80069127848563E+04  0.00000000000000E+00  0.00000000000000E+00  0.00000000000000E+00  0.00000000000000E+00  0.27314808688753E+04  0.00000000000000E+00  0.00000000000000E+00  0.00000000000000E+00 -0.10849411624343E+03  0.00000000000000E+00 -0.53177197544703E+03
  -0.19800282615811E+05  0.90141778740507E+04 -0.10250660018079E+04 -0.15155462802556E+04  0.61568016520701E+03  0.74016641389712E+03  0.14849960247054E+03  0.72299099555415E+04 -0.17696852556635E+04 -0.21172285342473E+03  0.53751723422524E+02  0.52034187786833E+02  0.65351926525655E+01 -0.63370343807214E-02 -0.27153796002504E+02 -0.60075057846016E+01 -0.86684731751125E+02 -0.28801637296406E+02  0.68499941148675E+05  0.28577705169683E+02  0.20379368353140E+03  0.20555356384217E+03  0.42009928616207E+03  0.74314309143294E+03  0.16390904498949E+04 -0.50155110571710E+02 -0.29239822209291E+02  0.19212004215732E+01  0.87073751785055E+03  0.44463919487107E+03  0.00000000000000E+00  0.00000000000000E+00  0.00000000000000E+00  0.24567618700262E+04  0.30601684814536E+04  0.00000000000000E+00  0.00000000000000E+00  0.00000000000000E+00 -0.26591258704903E+02 -0.39043261033749E+03 -0.40708937409950E+03
  -0.93077727736655E+04  0.96698770926614E+04 -0.72121756637059E+03  0.24212942568376E+04  0.35847931830115E+03  0.24724397443304E+04  0.11465172731369E+04  0.36311981584347E+05 -0.92271556582349E+04 -0.10820662151359E+04  0.26381047095691E+03  0.27932195373051E+03  0.30827163183309E+02  0.11382954753623E-02 -0.14662961015402E+03 -0.15214877127194E+02 -0.26660885856033E+03 -0.72750357364398E+02  0.77878287117440E+05  0.27018708464968E+02  0.30180526410777E+03  0.29897723539943E+03  0.74314309143294E+03  0.18969225772960E+04  0.15268998221756E+04 -0.15558738060938E+03 -0.10751110431668E+03 -0.54314301131323E+02 -0.60389098072090E+04 -0.10595184622959E+05  0.00000000000000E+00  0.00000000000000E+00  0.00000000000000E+00  0.33950162893436E+04  0.41205087416468E+04  0.00000000000000E+00  0.00000000000000E+00  0.00000000000000E+00 -0.38722619479399E+02 -0.21584501511457E+04 -0.22354887086594E+04
  -0.22574589150392E+06  0.66627285947832E+05 -0.10732251331125E+05 -0.39971699063139E+05  0.87671624195798E+04 -0.17843202669766E+04 -0.50825593558446E+04 -0.28927831209189E+05  0.47169916981394E+04  0.18425114814532E+04 -0.24212546124707E+03 -0.56082947480251E+02 -0.11043046765228E+02  0.13580295512574E-01  0.73201587548447E+03 -0.15421116570434E+03  0.65555940739247E+03  0.51378182911175E+03  0.49034157342744E+06  0.18157583322760E+03  0.13092741004714E+04  0.13445190216729E+04  0.16390904498949E+04  0.15268998221756E+04  0.16420825672908E+05  0.25570581450482E+03  0.13296126887898E+03 -0.69290707601134E+01  0.37912455554773E+05  0.61782472121684E+05  0.00000000000000E+00  0.00000000000000E+00  0.00000000000000E+00  0.15926698468733E+05  0.20152168433158E+05  0.00000000000000E+00  0.00000000000000E+00  0.00000000000000E+00 -0.75525693461741E+02  0.15803433453776E+04  0.16132718951984E+04
  -0.12766833785173E+06  0.16595605189842E+05 -0.54340224531323E+04 -0.12707550328900E+05  0.19881157847431E+04 -0.29040449466424E+04 -0.25518631997192E+04 -0.60041064627829E+05  0.11308663925866E+05  0.27114089426295E+04 -0.49066922920937E+03 -0.10607732716731E+04 -0.15535230899941E+03  0.56773242706168E-01 -0.28159695449516E+04  0.53355890467452E+03 -0.30578668247666E+04 -0.21288278000944E+04  0.34698359055147E+05  0.00000000000000E+00  0.00000000000000E+00  0.00000000000000E+00 -0.50155110571710E+02 -0.15558738060938E+03  0.25570581450482E+03  0.11656911003390E+06  0.00000000000000E+00  0.00000000000000E+00  0.00000000000000E+00  0.00000000000000E+00  0.00000000000000E+00  0.00000000000000E+00  0.00000000000000E+00  0.00000000000000E+00  0.00000000000000E+00  0.00000000000000E+00  0.00000000000000E+00  0.00000000000000E+00  0.00000000000000E+00  0.00000000000000E+00  0.00000000000000E+00
  -0.54070152767158E+05  0.82212797024881E+04 -0.23175879997659E+04 -0.21058534998433E+05  0.33592664803542E+04 -0.44471281320147E+04 -0.40046322602254E+04 -0.48027718047091E+05  0.10662731819882E+05  0.18695664596050E+04 -0.36812297420281E+03 -0.95850782350325E-11 -0.17952177129423E-11  0.15234135512261E-12 -0.18443487673393E+04  0.33470048507395E+03 -0.19627745333696E+04 -0.13325863615292E+04  0.77643500033853E+05  0.23215273032215E+02 -0.10208825371993E+03 -0.78258473328533E+02 -0.29239822209291E+02 -0.10751110431668E+03  0.13296126887898E+03  0.00000000000000E+00  0.64776748222307E+05  0.00000000000000E+00  0.00000000000000E+00  0.00000000000000E+00  0.00000000000000E+00  0.00000000000000E+00  0.00000000000000E+00  0.00000000000000E+00  0.00000000000000E+00  0.00000000000000E+00  0.00000000000000E+00  0.00000000000000E+00  0.00000000000000E+00  0.00000000000000E+00  0.00000000000000E+00
  -0.45039964311850E+04 -0.23549955983020E+03  0.46941822183909E+02 -0.60573420408782E+02 -0.57069182008217E+02  0.16287607921141E+03  0.14133661191617E+03 -0.66980113719388E+05  0.24169824045270E+05  0.72728003333371E+03 -0.34506554408853E+03 -0.66871013821502E+03 -0.26130187983466E+02 -0.47783780127890E+01 -0.24811522255644E+04  0.28979427882513E+03 -0.27144715188843E+04 -0.13595844754258E+04 -0.12235048391637E+04  0.00000000000000E+00  0.00000000000000E+00  0.00000000000000E+00  0.19212004215732E+01 -0.54314301131323E+02 -0.69290707601134E+01  0.00000000000000E+00  0.00000000000000E+00  0.30723957107236E+05  0.00000000000000E+00  0.00000000000000E+00  0.00000000000000E+00  0.00000000000000E+00  0.00000000000000E+00  0.00000000000000E+00  0.00000000000000E+00  0.00000000000000E+00  0.00000000000000E+00  0.00000000000000E+00  0.00000000000000E+00  0.00000000000000E+00  0.00000000000000E+00
  -0.84363879004390E+06  0.20980967944203E+06 -0.38152181388537E+05 -0.65719804725066E+05  0.11930917418438E+05 -0.91642867700659E+04 -0.10323404331090E+05 -0.27973641395729E+06  0.65271630622971E+05  0.10852377609429E+05 -0.20996660301956E+04 -0.47003554889329E+04 -0.55014387648138E+03 -0.45258433623689E+00  0.19093479697680E+04 -0.14382599028131E+03  0.22939168244773E+04  0.10489793770812E+04  0.57975216766061E+06  0.00000000000000E+00  0.00000000000000E+00  0.00000000000000E+00  0.87073751785055E+03 -0.60389098072090E+04  0.37912455554773E+05  0.00000000000000E+00  0.00000000000000E+00  0.00000000000000E+00  0.57847772485689E+06  0.00000000000000E+00  0.00000000000000E+00  0.00000000000000E+00  0.00000000000000E+00  0.00000000000000E+00  0.00000000000000E+00  0.00000000000000E+00  0.00000000000000E+00  0.00000000000000E+00  0.00000000000000E+00  0.00000000000000E+00  0.00000000000000E+00
  -0.10923913417867E+07  0.26529310088559E+06 -0.49666350866817E+05 -0.34023500524931E+06  0.63072823118123E+05 -0.44977626503701E+05 -0.53819307114723E+05 -0.55258324451506E+06  0.12477475500958E+06  0.22631223493490E+05 -0.42017332083280E+04  0.36192050313194E-09  0.10862765840451E-10  0.32706194771721E-11  0.42144571588484E+04 -0.46791586656151E+03  0.50325914133523E+04  0.27148770660394E+04  0.28412135038066E+07  0.13310312861063E+04  0.76299347848739E+04  0.80069127848563E+04  0.44463919487107E+03 -0.10595184622959E+05  0.61782472121684E+05  0.00000000000000E+00  0.00000000000000E+00  0.00000000000000E+00  0.00000000000000E+00  0.92147995036632E+06  0.00000000000000E+00  0.00000000000000E+00  0.00000000000000E+00  0.00000000000000E+00  0.00000000000000E+00  0.00000000000000E+00  0.00000000000000E+00  0.00000000000000E+00  0.00000000000000E+00  0.00000000000000E+00  0.00000000000000E+00
  -0.20686171066194E+05  0.58040907541130E+04 -0.97930218955189E+03 -0.13492647605277E+04  0.32436093036440E+03 -0.14560125407188E+01 -0.16631714842354E+03 -0.72491718488569E+05  0.23128374905843E+05  0.15200943340642E+04 -0.44869065151110E+03 -0.22255578928151E+04 -0.13930843670427E+03 -0.22987775066329E+01 -0.15348367117214E+04  0.16349324410720E+03 -0.13922790207517E+04 -0.70717794394818E+03  0.17484849184667E+05  0.00000000000000E+00  0.00000000000000E+00  0.00000000000000E+00  0.00000000000000E+00  0.00000000000000E+00  0.00000000000000E+00  0.00000000000000E+00  0.00000000000000E+00  0.00000000000000E+00  0.00000000000000E+00  0.00000000000000E+00  0.14689012844567E+05  0.00000000000000E+00  0.00000000000000E+00  0.00000000000000E+00  0.00000000000000E+00  0.00000000000000E+00  0.00000000000000E+00  0.00000000000000E+00  0.00000000000000E+00  0.00000000000000E+00  0.00000000000000E+00
  -0.47018518599298E+05  0.13364820522079E+05 -0.22364520772893E+04 -0.24989397413671E+04  0.57946002218955E+03 -0.36184771535885E+02 -0.29895630834114E+03 -0.16363009847795E+06  0.52279159251574E+05  0.33701822211619E+04 -0.10132742004534E+04 -0.67142377699902E+02 -0.17569333575110E+02 -0.43805793495358E-05 -0.30672280633771E+04  0.32517807742599E+03 -0.27972323620051E+04 -0.14211237377694E+04  0.32571472265362E+05  0.00000000000000E+00  0.00000000000000E+00  0.00000000000000E+00  0.00000000000000E+00  0.00000000000000E+00  0.00000000000000E+00  0.00000000000000E+00  0.00000000000000E+00  0.00000000000000E+00  0.00000000000000E+00  0.00000000000000E+00  0.00000000000000E+00  0.32515679558278E+05  0.00000000000000E+00  0.00000000000000E+00  0.00000000000000E+00  0.00000000000000E+00  0.00000000000000E+00  0.00000000000000E+00  0.00000000000000E+00  0.00000000000000E+00  0.00000000000000E+00
  -0.30875589483101E+04  0.41963001431394E+03 -0.11616068669262E+03 -0.70747251637226E+02  0.90942317425564E+01 -0.19427157502098E+02 -0.13537851397171E+02 -0.13387598901648E+04  0.18262488438301E+03  0.43072911201705E+02 -0.11363253209811E+02 -0.74178667377782E+02 -0.59836343471114E+01 -0.10568894595920E+00 -0.72810655997571E+03  0.82376651015015E+02 -0.67447164096725E+03 -0.37143894939613E+03  0.22158412253466E+03  0.00000000000000E+00  0.00000000000000E+00  0.00000000000000E+00  0.00000000000000E+00  0.00000000000000E+00  0.00000000000000E+00  0.00000000000000E+00  0.00000000000000E+00  0.00000000000000E+00  0.00000000000000E+00  0.00000000000000E+00  0.00000000000000E+00  0.00000000000000E+00  0.37805724103985E+04  0.00000000000000E+00  0.00000000000000E+00  0.00000000000000E+00  0.00000000000000E+00  0.00000000000000E+00  0.00000000000000E+00  0.00000000000000E+00  0.00000000000000E+00
  -0.19909161785032E+06  0.63438295285474E+05 -0.96429045609579E+04 -0.11723101754525E+05  0.29609467513563E+04  0.33150511033011E+03 -0.10918370650005E+04 -0.56877427900326E+04  0.63887564423303E+03  0.56750526876228E+03 -0.50049065075461E+02 -0.18289590585852E+00 -0.13170100976757E+00  0.00000000000000E+00  0.30126575075382E+03 -0.81550042460862E+02  0.99022351394856E+02  0.13793379832915E+03  0.18788599499880E+06  0.00000000000000E+00  0.00000000000000E+00  0.00000000000000E+00  0.24567618700262E+04  0.33950162893436E+04  0.15926698468733E+05  0.00000000000000E+00  0.00000000000000E+00  0.00000000000000E+00  0.00000000000000E+00  0.00000000000000E+00  0.00000000000000E+00  0.00000000000000E+00  0.00000000000000E+00  0.10518443357745E+06  0.00000000000000E+00  0.00000000000000E+00  0.00000000000000E+00  0.00000000000000E+00  0.00000000000000E+00  0.00000000000000E+00  0.00000000000000E+00
  -0.22515646387071E+06  0.71428647683125E+05 -0.10893841465750E+05 -0.52462930014186E+05  0.13112406549199E+05  0.12452954995370E+04 -0.50212101014413E+04 -0.11184511909405E+05  0.12851950770573E+04  0.10799287733639E+04 -0.98289016595650E+02 -0.16057691612291E-09 -0.72121762250786E-11  0.13916458199540E-13  0.53614371949954E+03 -0.14338453214422E+03  0.19329049569819E+03  0.25461342855643E+03  0.82495307972502E+06  0.36781987324448E+03  0.26750394669419E+04  0.27314808688753E+04  0.30601684814536E+04  0.41205087416468E+04  0.20152168433158E+05  0.00000000000000E+00  0.00000000000000E+00  0.00000000000000E+00  0.00000000000000E+00  0.00000000000000E+00  0.00000000000000E+00  0.00000000000000E+00  0.00000000000000E+00  0.00000000000000E+00  0.13891400441684E+06  0.00000000000000E+00  0.00000000000000E+00  0.00000000000000E+00  0.00000000000000E+00  0.00000000000000E+00  0.00000000000000E+00
  -0.89183030916561E+04  0.24146927592455E+04 -0.41473970354122E+03 -0.24399415546449E+04  0.46898615331199E+03 -0.27307858696444E+03 -0.37228756209748E+03  0.34271289760192E+03 -0.12767573169688E+04  0.12612955705589E+03 -0.13829037522412E+02 -0.16264138729010E+01 -0.17101695533214E+00 -0.12602063539916E-02 -0.29488615014746E+04  0.46546581681242E+03 -0.29539443285159E+04 -0.19054758495446E+04  0.24802203632571E+05  0.00000000000000E+00  0.00000000000000E+00  0.00000000000000E+00  0.00000000000000E+00  0.00000000000000E+00  0.00000000000000E+00  0.00000000000000E+00  0.00000000000000E+00  0.00000000000000E+00  0.00000000000000E+00  0.00000000000000E+00  0.00000000000000E+00  0.00000000000000E+00  0.00000000000000E+00  0.00000000000000E+00  0.00000000000000E+00  0.81801705764919E+04  0.00000000000000E+00  0.00000000000000E+00  0.00000000000000E+00  0.00000000000000E+00  0.00000000000000E+00
  -0.31634269509521E+04  0.76817399118239E+03 -0.14474660328592E+03 -0.95364905355047E+03  0.17424404310867E+03 -0.13801111168715E+03 -0.15722370194424E+03  0.28269884691896E+03 -0.70266566538436E+03  0.56571048856019E+02 -0.66094101731172E+01 -0.70362814056604E+00 -0.67082135006317E-01 -0.69952628373907E-03 -0.15548777329465E+04  0.22764706596790E+03 -0.15841158317024E+04 -0.97984032582399E+03  0.78430096131400E+04  0.00000000000000E+00  0.00000000000000E+00  0.00000000000000E+00  0.00000000000000E+00  0.00000000000000E+00  0.00000000000000E+00  0.00000000000000E+00  0.00000000000000E+00  0.00000000000000E+00  0.00000000000000E+00  0.00000000000000E+00  0.00000000000000E+00  0.00000000000000E+00  0.00000000000000E+00  0.00000000000000E+00  0.00000000000000E+00  0.00000000000000E+00  0.42096165407169E+04  0.00000000000000E+00  0.00000000000000E+00  0.00000000000000E+00  0.00000000000000E+00
  -0.15810052206296E+05 -0.23088410040429E+04  0.23247858475448E+02 -0.95813122928467E+04  0.35178481273306E+03 -0.31182462124911E+04 -0.13197494470480E+04 -0.26118803971286E+06  0.11134029680056E+06  0.30642687619853E+04 -0.11646018007428E+04  0.25007476138487E+03  0.25621334031714E+02 -0.16101164383197E+01 -0.22450909359862E+04 -0.34147398824595E+03  0.16902956820893E+04  0.17073681602621E+04 -0.18754509891643E+05  0.00000000000000E+00  0.00000000000000E+00  0.00000000000000E+00  0.00000000000000E+00  0.00000000000000E+00  0.00000000000000E+00  0.00000000000000E+00  0.00000000000000E+00  0.00000000000000E+00  0.00000000000000E+00  0.00000000000000E+00  0.00000000000000E+00  0.00000000000000E+00  0.00000000000000E+00  0.00000000000000E+00  0.00000000000000E+00  0.00000000000000E+00  0.00000000000000E+00  0.12510101467468E+06  0.00000000000000E+00  0.00000000000000E+00  0.00000000000000E+00
   0.16623938028725E+05 -0.22704364931055E+04  0.71282342107583E+03 -0.15892030383424E+05  0.25205277967177E+04 -0.35550158672468E+04 -0.32861555009034E+04 -0.83954173061636E+04  0.15448548142144E+04  0.43034119467359E+03 -0.68552566869013E+02  0.28790665130742E+03  0.64267068056308E+02  0.92749520267042E-05  0.19287172131915E+03 -0.34611369384392E+02  0.26672262984508E+03  0.18242516675413E+03  0.45827876076256E+05 -0.11253642109871E+02 -0.93543017865196E+02 -0.10849411624343E+03 -0.26591258704903E+02 -0.38722619479399E+02 -0.75525693461741E+02  0.00000000000000E+00  0.00000000000000E+00  0.00000000000000E+00  0.00000000000000E+00  0.00000000000000E+00  0.00000000000000E+00  0.00000000000000E+00  0.00000000000000E+00  0.00000000000000E+00  0.00000000000000E+00  0.00000000000000E+00  0.00000000000000E+00  0.00000000000000E+00  0.39538109601186E+05  0.00000000000000E+00  0.00000000000000E+00
