 Correlated errors added in quadrature with statistical errors
 jl00106F2p DIS data with   1.69< Q2 < 0.500D+03 and 0.000 < xB < 1.000 and   3.00< W2 < 0.100D+04 and 0.000 < y < 1.000
   GP TMC applied
   HT corrections, multiplicative C=C(xB)
 Correlated errors added in quadrature with statistical errors
 jl00106F2d DIS data with   1.69< Q2 < 0.500D+03 and 0.000 < xB < 1.000 and   3.00< W2 < 0.100D+04 and 0.000 < y < 1.000
   WBArel smearing  (AV18) - freepar off-shell nuke corrections
   GP TMC applied
   HT corrections, multiplicative C=C(xB)
 Correlated errors added in quadrature with statistical errors
 HerF2pCut  DIS data with   1.69< Q2 < 0.500D+03 and 0.000 < xB < 1.000 and   3.00< W2 < 0.100D+04 and 0.000 < y < 1.000
   GP TMC applied
   HT corrections, multiplicative C=C(xB)
 Correlated errors added in quadrature with statistical errors
 HerF2dCut  DIS data with   1.69< Q2 < 0.500D+03 and 0.000 < xB < 1.000 and   3.00< W2 < 0.100D+04 and 0.000 < y < 1.000
   WBArel smearing  (AV18) - freepar off-shell nuke corrections
   GP TMC applied
   HT corrections, multiplicative C=C(xB)
 Correlated errors added in quadrature with statistical errors
 slac_p     DIS data with   1.69< Q2 < 0.500D+03 and 0.000 < xB < 1.000 and   3.00< W2 < 0.100D+04 and 0.000 < y < 1.000
   GP TMC applied
   HT corrections, multiplicative C=C(xB)
 Correlated errors added in quadrature with statistical errors
 slac_d     DIS data with   1.69< Q2 < 0.500D+03 and 0.000 < xB < 1.000 and   3.00< W2 < 0.100D+04 and 0.000 < y < 1.000
   WBArel smearing  (AV18) - freepar off-shell nuke corrections
   GP TMC applied
   HT corrections, multiplicative C=C(xB)
 Correlated errors treated separately from statistical errors
 BcdF2pCor  DIS data with   1.69< Q2 < 0.500D+03 and 0.000 < xB < 1.000 and   3.00< W2 < 0.100D+04 and 0.000 < y < 1.000
   GP TMC applied
   HT corrections, multiplicative C=C(xB)
 Correlated errors treated separately from statistical errors
 BcdF2dCor  DIS data with   1.69< Q2 < 0.500D+03 and 0.000 < xB < 1.000 and   3.00< W2 < 0.100D+04 and 0.000 < y < 1.000
   WBArel smearing  (AV18) - freepar off-shell nuke corrections
   GP TMC applied
   HT corrections, multiplicative C=C(xB)
 Correlated errors treated separately from statistical errors
 NmcF2pCor  DIS data with   1.69< Q2 < 0.500D+03 and 0.000 < xB < 1.000 and   3.00< W2 < 0.100D+04 and 0.000 < y < 1.000
   GP TMC applied
   HT corrections, multiplicative C=C(xB)
 Correlated errors treated separately from statistical errors
 NmcRatCor  DIS data with   1.69< Q2 < 0.500D+03 and 0.000 < xB < 1.000 and   3.00< W2 < 0.100D+04 and 0.000 < y < 1.000
   WBArel smearing  (AV18) - freepar off-shell nuke corrections
   GP TMC applied
   HT corrections, multiplicative C=C(xB)
 Correlated errors treated separately from statistical errors
 H2_NC_em   DIS data with   1.69< Q2 < 0.100D+06 and 0.000 < xB < 1.000 and   3.00< W2 < 0.100D+08 and 0.000 < y < 1.000
   GP TMC applied
   HT corrections, multiplicative C=C(xB)
 Correlated errors treated separately from statistical errors
 H2_NC_ep_1 DIS data with   1.69< Q2 < 0.100D+06 and 0.000 < xB < 1.000 and   3.00< W2 < 0.100D+08 and 0.000 < y < 1.000
   GP TMC applied
   HT corrections, multiplicative C=C(xB)
 Correlated errors treated separately from statistical errors
 H2_NC_ep_2 DIS data with   1.69< Q2 < 0.100D+06 and 0.000 < xB < 1.000 and   3.00< W2 < 0.100D+08 and 0.000 < y < 1.000
   GP TMC applied
   HT corrections, multiplicative C=C(xB)
 Correlated errors treated separately from statistical errors
 H2_NC_ep_3 DIS data with   1.69< Q2 < 0.100D+06 and 0.000 < xB < 1.000 and   3.00< W2 < 0.100D+08 and 0.000 < y < 1.000
   GP TMC applied
   HT corrections, multiplicative C=C(xB)
 Correlated errors treated separately from statistical errors
 H2_NC_ep_4 DIS data with   1.69< Q2 < 0.100D+06 and 0.000 < xB < 1.000 and   3.00< W2 < 0.100D+08 and 0.000 < y < 1.000
   GP TMC applied
   HT corrections, multiplicative C=C(xB)
 Correlated errors treated separately from statistical errors
 H2_CC_em   DIS data with   1.69< Q2 < 0.100D+06 and 0.000 < xB < 1.000 and   3.00< W2 < 0.100D+08 and 0.000 < y < 1.000
   GP TMC applied
   HT corrections, multiplicative C=C(xB)
 Correlated errors treated separately from statistical errors
 H2_CC_ep   DIS data with   1.69< Q2 < 0.100D+06 and 0.000 < xB < 1.000 and   3.00< W2 < 0.100D+08 and 0.000 < y < 1.000
   GP TMC applied
   HT corrections, multiplicative C=C(xB)
 Correlated errors added in quadrature with statistical errors
 BNS_F2nd   DIS data with   1.69< Q2 < 0.100D+06 and 0.000 < xB < 1.000 and   3.00< W2 < 0.100D+08 and 0.000 < y < 1.000
   WBArel smearing  (AV18) - freepar off-shell nuke corrections
   GP TMC applied
   HT corrections, multiplicative C=C(xB)
 Correlated errors added in quadrature with statistical errors
 e866pp06xf vector boson data with Q2 >=  36.00
 Correlated errors added in quadrature with statistical errors
 e866pd06xf vector boson data with Q2 >=  36.00
 Correlated errors added in quadrature with statistical errors
 cdfLasy05  vector boson data with Q2 >=   0.00
 Correlated errors added in quadrature with statistical errors
 d0Lasy_e15 vector boson data with Q2 >=   0.00
 Correlated errors added in quadrature with statistical errors
 d0Lasy13   vector boson data with Q2 >=   0.00
 Correlated errors added in quadrature with statistical errors
 CDF_Z      vector boson data with Q2 >=   0.00
 Correlated errors added in quadrature with statistical errors
 D0_Z       vector boson data with Q2 >=   0.00
 Correlated errors added in quadrature with statistical errors
 d0run2coneJet data - errors added in quadrature
 Correlated errors added in quadrature with statistical errors
 CDFrun2jetJet data - errors added in quadrature
 Correlated errors added in quadrature with statistical errors
 d0_gamjet1 Photon data -- cuts to be written yet ...
 Correlated errors added in quadrature with statistical errors
 d0_gamjet2 Photon data -- cuts to be written yet ...
 Correlated errors added in quadrature with statistical errors
 d0_gamjet3 Photon data -- cuts to be written yet ...
 Correlated errors added in quadrature with statistical errors
 d0_gamjet4 Photon data -- cuts to be written yet ...

# fitpack15: fit output
# CJ15 AV18 final data choices                                                 

Parametrization   7 used here

 S-ACOT scheme used  for NC DIS

 charm mass =     1.30 GeV     bottom mass =     4.50 GeV



 THIS IS A NEXT TO LEADING ORDER FIT

 Q02=    1.69
         1  LAMBDA      VALUE=   0.22680      WEIGHT=    0.0000    
         2  a0uv        VALUE=    2.4067      WEIGHT=    0.0000    
         3  a1uv        VALUE=   0.61537      WEIGHT=   0.19856E-01
         4  a2uv        VALUE=    3.5433      WEIGHT=   0.12414E-01
         5  a3uv        VALUE=    0.0000      WEIGHT=    0.0000    
         6  a4uv        VALUE=    3.4609      WEIGHT=   0.42903    
         7  a5uv        VALUE=    0.0000      WEIGHT=    0.0000    
         8  a0dv        VALUE=    24.906      WEIGHT=    0.0000    
         9  a1dv        VALUE=    1.1595      WEIGHT=   0.33533E-01
        10  a2dv        VALUE=    6.5514      WEIGHT=   0.15936    
        11  a3dv        VALUE=   -3.5030      WEIGHT=   0.86332E-01
        12  a4dv        VALUE=    4.6787      WEIGHT=   0.14209    
        13  a5dv        VALUE=    0.0000      WEIGHT=    0.0000    
        14  a0ud        VALUE=   0.14658      WEIGHT=   0.50348E-02
        15  a1ud        VALUE=  -0.20775      WEIGHT=   0.37551E-02
        16  a2ud        VALUE=    8.3286      WEIGHT=   0.19114    
        17  a3ud        VALUE=    0.0000      WEIGHT=    0.0000    
        18  a4ud        VALUE=    14.606      WEIGHT=    1.2151    
        19  a5ud        VALUE=    0.0000      WEIGHT=    0.0000    
        20  a0du        VALUE=    35712.      WEIGHT=    0.0000    
        21  a1du        VALUE=    4.0249      WEIGHT=   0.74070E-01
        22  a2du        VALUE=    20.154      WEIGHT=   0.87862    
        23  a3du        VALUE=    17.000      WEIGHT=    0.0000    
        24  a4du        VALUE=    51.156      WEIGHT=    10.239    
        25  a0g         VALUE=    45.827      WEIGHT=    0.0000    
        26  a1g         VALUE=   0.60307      WEIGHT=   0.31164E-01
        27  a2g         VALUE=    6.4812      WEIGHT=   0.96748    
        28  a3g         VALUE=   -3.3064      WEIGHT=   0.13418    
        29  a4g         VALUE=    3.1721      WEIGHT=   0.31376    
        30  a5g         VALUE=    0.0000      WEIGHT=    0.0000    
        31  kappa       VALUE=   0.40000      WEIGHT=    0.0000    
        32  a6dv        VALUE=    0.0000      WEIGHT=    0.0000    
        33  a7dv        VALUE=    0.0000      WEIGHT=    0.0000    
        34  off1        VALUE=   -3.5009      WEIGHT=    1.4769    
        35  off2        VALUE=   0.56166E-01  WEIGHT=   0.58667E-01
        36  off3        VALUE=   0.35901      WEIGHT=   0.10000    
        37  ht1         VALUE=   -3.2874      WEIGHT=   0.26061    
        38  ht2         VALUE=    1.9274      WEIGHT=   0.10524    
        39  ht3         VALUE=   -2.0701      WEIGHT=   0.19888E-01
        40  ht4         VALUE=    0.0000      WEIGHT=    0.0000    
        41  dummy41     VALUE=    0.0000      WEIGHT=    0.0000    
        42  dummy42     VALUE=    0.0000      WEIGHT=    0.0000    
        43  dummy43     VALUE=    0.0000      WEIGHT=    0.0000    
        44  dummy44     VALUE=    0.0000      WEIGHT=    0.0000    
        45  dummy45     VALUE=    0.0000      WEIGHT=    0.0000    
        46  dummy46     VALUE=    0.0000      WEIGHT=    0.0000    
        47  dummy47     VALUE=    0.0000      WEIGHT=    0.0000    
        48  dummy48     VALUE=    0.0000      WEIGHT=    0.0000    
        49  dummy49     VALUE=    0.0000      WEIGHT=    0.0000    
        50  bcdmsh2     VALUE=   0.97307      WEIGHT=   0.48289E-02
        51  bcdmsd2     VALUE=   0.99317      WEIGHT=   0.58269E-02
        52  ccfr        VALUE=    1.0000      WEIGHT=    0.0000    
        53  nutev       VALUE=    1.0000      WEIGHT=    0.0000    
        54  zeus        VALUE=   0.97998      WEIGHT=    0.0000    
        55  h1          VALUE=    1.0162      WEIGHT=    0.0000    
        56  e605        VALUE=    1.0319      WEIGHT=    0.0000    
        57  NmcH2       VALUE=    1.0095      WEIGHT=   0.71247E-02
        58  ntv_nu      VALUE=    1.0000      WEIGHT=    0.0000    
        59  ntv_nuba    VALUE=    1.0000      WEIGHT=    0.0000    
        60  cdf_jet     VALUE=   0.98910      WEIGHT=    0.0000    
        61  d0_jet      VALUE=   0.83504      WEIGHT=    0.0000    
        62  slac_p      VALUE=    1.0049      WEIGHT=   0.48124E-02
        63  slac_d      VALUE=    1.0042      WEIGHT=   0.52781E-02
        64  e866pp      VALUE=   0.96586      WEIGHT=   0.19263E-01
        65  e866pd      VALUE=   0.96369      WEIGHT=   0.15783E-01
        66  d0_gamje    VALUE=    1.0389      WEIGHT=   0.16474E-01
        67  h1b         VALUE=   0.97608      WEIGHT=    0.0000    
        68  jlab_p      VALUE=   0.99446      WEIGHT=   0.57943E-02
        69  jlab_d      VALUE=   0.97557      WEIGHT=   0.59019E-02
        70  blank       VALUE=    1.0000      WEIGHT=    0.0000    
        71  d0run2      VALUE=   0.94087      WEIGHT=   0.14167E-01
        72  cdfrun2     VALUE=   0.92649      WEIGHT=   0.17233E-01
        73  HERA_el     VALUE=    1.0000      WEIGHT=    0.0000    
        74  HERA_ps     VALUE=    1.0000      WEIGHT=    0.0000    
        75  CDF_Z       VALUE=   0.96581      WEIGHT=   0.64944E-02
        76  NmcRat      VALUE=    1.0000      WEIGHT=    0.0000    
        77  BNS_F2nd    VALUE=   0.98310      WEIGHT=   0.68314E-02
        78  HERMES_F    VALUE=   0.99832      WEIGHT=   0.55693E-02
        79  HERMES_F    VALUE=   0.98039      WEIGHT=   0.58259E-02
0THE TOLERANCE IS    0.5000
 THE MAXIMUM NUMBER OF STEPS IS 100
0THE INITIAL CHI SQUARED IS  4.86819E+03
0  STEP  CHI SQUARED    PARAMETER      VALUE         ERROR
 ------------------------------------------------------------
     1    4.70183E+03
                       1  LAMBDA     2.2680E-01       FIX 
                       2  a0uv       2.3894E+00       FIX 
                       3  a1uv       6.1329E-01           
                       4  a2uv       3.5373E+00           
                       5  a3uv       0.0000E+00       FIX 
                       6  a4uv       3.4675E+00           
                       7  a5uv       0.0000E+00       FIX 
                       8  a0dv       2.4712E+01       FIX 
                       9  a1dv       1.1587E+00           
                      10  a2dv       6.4365E+00           
                      11  a3dv      -3.4659E+00           
                      12  a4dv       4.5441E+00           
                      13  a5dv       0.0000E+00       FIX 
                      14  a0ud       1.4632E-01           
                      15  a1ud      -2.0789E-01           
                      16  a2ud       8.3180E+00           
                      17  a3ud       0.0000E+00       FIX 
                      18  a4ud       1.4004E+01           
                      19  a5ud       0.0000E+00       FIX 
                      20  a0du       3.5712E+04       FIX 
                      21  a1du       4.0846E+00           
                      22  a2du       2.0486E+01           
                      23  a3du       1.7000E+01       FIX 
                      24  a4du       6.0576E+01           
                      25  a0g        4.6132E+01       FIX 
                      26  a1g        6.0284E-01           
                      27  a2g        6.0039E+00           
                      28  a3g       -3.3894E+00           
                      29  a4g        3.2525E+00           
                      30  a5g        0.0000E+00       FIX 
                      31  kappa      4.0000E-01       FIX 
                      32  a6dv       0.0000E+00       FIX 
                      33  a7dv       0.0000E+00       FIX 
                      34  off1      -2.7199E+00           
                      35  off2       1.7629E-01           
                      36  off3       1.7916E-01           
                      37  ht1       -3.4320E+00           
                      38  ht2        1.9765E+00           
                      39  ht3       -2.0943E+00           
                      40  ht4        0.0000E+00       FIX 
                      41  dummy41    0.0000E+00       FIX 
                      42  dummy42    0.0000E+00       FIX 
                      43  dummy43    0.0000E+00       FIX 
                      44  dummy44    0.0000E+00       FIX 
                      45  dummy45    0.0000E+00       FIX 
                      46  dummy46    0.0000E+00       FIX 
                      47  dummy47    0.0000E+00       FIX 
                      48  dummy48    0.0000E+00       FIX 
                      49  dummy49    0.0000E+00       FIX 
                      50  bcdmsh2    9.7089E-01           
                      51  bcdmsd2    9.9310E-01           
                      52  ccfr       1.0000E+00       FIX 
                      53  nutev      1.0000E+00       FIX 
                      54  zeus       9.7998E-01       FIX 
                      55  h1         1.0162E+00       FIX 
                      56  e605       1.0319E+00       FIX 
                      57  NmcH2      1.0074E+00           
                      58  ntv_nu     1.0000E+00       FIX 
                      59  ntv_nuba   1.0000E+00       FIX 
                      60  cdf_jet    9.8910E-01       FIX 
                      61  d0_jet     8.3504E-01       FIX 
                      62  slac_p     1.0027E+00           
                      63  slac_d     1.0041E+00           
                      64  e866pp     9.6201E-01           
                      65  e866pd     9.4444E-01           
                      66  d0_gamje   1.0418E+00           
                      67  h1b        9.7608E-01       FIX 
                      68  jlab_p     9.9504E-01           
                      69  jlab_d     9.7710E-01           
                      70  blank      1.0000E+00       FIX 
                      71  d0run2     9.4504E-01           
                      72  cdfrun2    9.3211E-01           
                      73  HERA_el    1.0000E+00       FIX 
                      74  HERA_ps    1.0000E+00       FIX 
                      75  CDF_Z      9.5874E-01           
                      76  NmcRat     1.0000E+00       FIX 
                      77  BNS_F2nd   9.6913E-01           
                      78  HERMES_F   9.9593E-01           
                      79  HERMES_F   9.7985E-01           
 ------------------------------------------------------------
     2    4.67431E+03
                       1  LAMBDA     2.2680E-01       FIX 
                       2  a0uv       2.3838E+00       FIX 
                       3  a1uv       6.1216E-01           
                       4  a2uv       3.5344E+00           
                       5  a3uv       0.0000E+00       FIX 
                       6  a4uv       3.4539E+00           
                       7  a5uv       0.0000E+00       FIX 
                       8  a0dv       2.4298E+01       FIX 
                       9  a1dv       1.1545E+00           
                      10  a2dv       6.4150E+00           
                      11  a3dv      -3.4719E+00           
                      12  a4dv       4.5674E+00           
                      13  a5dv       0.0000E+00       FIX 
                      14  a0ud       1.4653E-01           
                      15  a1ud      -2.0779E-01           
                      16  a2ud       8.3194E+00           
                      17  a3ud       0.0000E+00       FIX 
                      18  a4ud       1.4193E+01           
                      19  a5ud       0.0000E+00       FIX 
                      20  a0du       3.5712E+04       FIX 
                      21  a1du       4.0378E+00           
                      22  a2du       2.0312E+01           
                      23  a3du       1.7000E+01       FIX 
                      24  a4du       4.7432E+01           
                      25  a0g        4.7185E+01       FIX 
                      26  a1g        6.1178E-01           
                      27  a2g        6.1619E+00           
                      28  a3g       -3.3775E+00           
                      29  a4g        3.2558E+00           
                      30  a5g        0.0000E+00       FIX 
                      31  kappa      4.0000E-01       FIX 
                      32  a6dv       0.0000E+00       FIX 
                      33  a7dv       0.0000E+00       FIX 
                      34  off1      -2.8585E+00           
                      35  off2       2.0265E-01           
                      36  off3       1.2149E-01           
                      37  ht1       -3.3862E+00           
                      38  ht2        1.9653E+00           
                      39  ht3       -2.0993E+00           
                      40  ht4        0.0000E+00       FIX 
                      41  dummy41    0.0000E+00       FIX 
                      42  dummy42    0.0000E+00       FIX 
                      43  dummy43    0.0000E+00       FIX 
                      44  dummy44    0.0000E+00       FIX 
                      45  dummy45    0.0000E+00       FIX 
                      46  dummy46    0.0000E+00       FIX 
                      47  dummy47    0.0000E+00       FIX 
                      48  dummy48    0.0000E+00       FIX 
                      49  dummy49    0.0000E+00       FIX 
                      50  bcdmsh2    9.7013E-01           
                      51  bcdmsd2    9.9071E-01           
                      52  ccfr       1.0000E+00       FIX 
                      53  nutev      1.0000E+00       FIX 
                      54  zeus       9.7998E-01       FIX 
                      55  h1         1.0162E+00       FIX 
                      56  e605       1.0319E+00       FIX 
                      57  NmcH2      1.0062E+00           
                      58  ntv_nu     1.0000E+00       FIX 
                      59  ntv_nuba   1.0000E+00       FIX 
                      60  cdf_jet    9.8910E-01       FIX 
                      61  d0_jet     8.3504E-01       FIX 
                      62  slac_p     1.0021E+00           
                      63  slac_d     1.0019E+00           
                      64  e866pp     9.5695E-01           
                      65  e866pd     9.4995E-01           
                      66  d0_gamje   1.0402E+00           
                      67  h1b        9.7608E-01       FIX 
                      68  jlab_p     9.9418E-01           
                      69  jlab_d     9.7526E-01           
                      70  blank      1.0000E+00       FIX 
                      71  d0run2     9.4861E-01           
                      72  cdfrun2    9.3459E-01           
                      73  HERA_el    1.0000E+00       FIX 
                      74  HERA_ps    1.0000E+00       FIX 
                      75  CDF_Z      9.6014E-01           
                      76  NmcRat     1.0000E+00       FIX 
                      77  BNS_F2nd   9.7478E-01           
                      78  HERMES_F   9.9523E-01           
                      79  HERMES_F   9.7797E-01           
 ------------------------------------------------------------
     3    4.67309E+03
                       1  LAMBDA     2.2680E-01       FIX 
                       2  a0uv       2.3840E+00       FIX 
                       3  a1uv       6.1222E-01           
                       4  a2uv       3.5345E+00           
                       5  a3uv       0.0000E+00       FIX 
                       6  a4uv       3.4546E+00           
                       7  a5uv       0.0000E+00       FIX 
                       8  a0dv       2.4276E+01       FIX 
                       9  a1dv       1.1541E+00           
                      10  a2dv       6.4150E+00           
                      11  a3dv      -3.4721E+00           
                      12  a4dv       4.5682E+00           
                      13  a5dv       0.0000E+00       FIX 
                      14  a0ud       1.4650E-01           
                      15  a1ud      -2.0781E-01           
                      16  a2ud       8.3175E+00           
                      17  a3ud       0.0000E+00       FIX 
                      18  a4ud       1.4194E+01           
                      19  a5ud       0.0000E+00       FIX 
                      20  a0du       3.5712E+04       FIX 
                      21  a1du       4.0488E+00           
                      22  a2du       2.0270E+01           
                      23  a3du       1.7000E+01       FIX 
                      24  a4du       5.1214E+01           
                      25  a0g        4.7022E+01       FIX 
                      26  a1g        6.1029E-01           
                      27  a2g        6.1607E+00           
                      28  a3g       -3.3779E+00           
                      29  a4g        3.2560E+00           
                      30  a5g        0.0000E+00       FIX 
                      31  kappa      4.0000E-01       FIX 
                      32  a6dv       0.0000E+00       FIX 
                      33  a7dv       0.0000E+00       FIX 
                      34  off1      -2.8493E+00           
                      35  off2       1.9255E-01           
                      36  off3       1.3315E-01           
                      37  ht1       -3.3859E+00           
                      38  ht2        1.9678E+00           
                      39  ht3       -2.0985E+00           
                      40  ht4        0.0000E+00       FIX 
                      41  dummy41    0.0000E+00       FIX 
                      42  dummy42    0.0000E+00       FIX 
                      43  dummy43    0.0000E+00       FIX 
                      44  dummy44    0.0000E+00       FIX 
                      45  dummy45    0.0000E+00       FIX 
                      46  dummy46    0.0000E+00       FIX 
                      47  dummy47    0.0000E+00       FIX 
                      48  dummy48    0.0000E+00       FIX 
                      49  dummy49    0.0000E+00       FIX 
                      50  bcdmsh2    9.7012E-01           
                      51  bcdmsd2    9.9065E-01           
                      52  ccfr       1.0000E+00       FIX 
                      53  nutev      1.0000E+00       FIX 
                      54  zeus       9.7998E-01       FIX 
                      55  h1         1.0162E+00       FIX 
                      56  e605       1.0319E+00       FIX 
                      57  NmcH2      1.0061E+00           
                      58  ntv_nu     1.0000E+00       FIX 
                      59  ntv_nuba   1.0000E+00       FIX 
                      60  cdf_jet    9.8910E-01       FIX 
                      61  d0_jet     8.3504E-01       FIX 
                      62  slac_p     1.0021E+00           
                      63  slac_d     1.0019E+00           
                      64  e866pp     9.5669E-01           
                      65  e866pd     9.5018E-01           
                      66  d0_gamje   1.0402E+00           
                      67  h1b        9.7608E-01       FIX 
                      68  jlab_p     9.9420E-01           
                      69  jlab_d     9.7524E-01           
                      70  blank      1.0000E+00       FIX 
                      71  d0run2     9.4761E-01           
                      72  cdfrun2    9.3389E-01           
                      73  HERA_el    1.0000E+00       FIX 
                      74  HERA_ps    1.0000E+00       FIX 
                      75  CDF_Z      9.6027E-01           
                      76  NmcRat     1.0000E+00       FIX 
                      77  BNS_F2nd   9.7494E-01           
                      78  HERMES_F   9.9520E-01           
                      79  HERMES_F   9.7792E-01           
 ------------------------------------------------------------
     4    4.67302E+03
                       1  LAMBDA     2.2680E-01    0.0000E+00
                       2  a0uv       2.3842E+00    0.0000E+00
                       3  a1uv       6.1225E-01    2.5340E-02
                       4  a2uv       3.5345E+00    1.3852E-02
                       5  a3uv       0.0000E+00    0.0000E+00
                       6  a4uv       3.4550E+00    5.6720E-01
                       7  a5uv       0.0000E+00    0.0000E+00
                       8  a0dv       2.4261E+01    0.0000E+00
                       9  a1dv       1.1539E+00    3.3578E-02
                      10  a2dv       6.4149E+00    1.3339E-01
                      11  a3dv      -3.4723E+00    8.5511E-02
                      12  a4dv       4.5689E+00    1.6097E-01
                      13  a5dv       0.0000E+00    0.0000E+00
                      14  a0ud       1.4647E-01    5.3361E-03
                      15  a1ud      -2.0782E-01    3.9315E-03
                      16  a2ud       8.3162E+00    2.1896E-01
                      17  a3ud       0.0000E+00    0.0000E+00
                      18  a4ud       1.4194E+01    1.4206E+00
                      19  a5ud       0.0000E+00    0.0000E+00
                      20  a0du       3.5712E+04    0.0000E+00
                      21  a1du       4.0504E+00    8.7268E-02
                      22  a2du       2.0250E+01    1.0061E+00
                      23  a3du       1.7000E+01    0.0000E+00
                      24  a4du       5.1406E+01    1.2373E+01
                      25  a0g        4.6923E+01    0.0000E+00
                      26  a1g        6.0970E-01    3.0421E-02
                      27  a2g        6.1581E+00    8.6677E-01
                      28  a3g       -3.3779E+00    1.2403E-01
                      29  a4g        3.2565E+00    2.8669E-01
                      30  a5g        0.0000E+00    0.0000E+00
                      31  kappa      4.0000E-01    0.0000E+00
                      32  a6dv       0.0000E+00    0.0000E+00
                      33  a7dv       0.0000E+00    0.0000E+00
                      34  off1      -2.8581E+00    1.0275E+00
                      35  off2       1.8525E-01    7.3573E-01
                      36  off3       1.4300E-01    7.2740E-01
                      37  ht1       -3.3877E+00    2.8448E-01
                      38  ht2        1.9684E+00    1.1678E-01
                      39  ht3       -2.0983E+00    2.9188E-02
                      40  ht4        0.0000E+00    0.0000E+00
                      41  dummy41    0.0000E+00    0.0000E+00
                      42  dummy42    0.0000E+00    0.0000E+00
                      43  dummy43    0.0000E+00    0.0000E+00
                      44  dummy44    0.0000E+00    0.0000E+00
                      45  dummy45    0.0000E+00    0.0000E+00
                      46  dummy46    0.0000E+00    0.0000E+00
                      47  dummy47    0.0000E+00    0.0000E+00
                      48  dummy48    0.0000E+00    0.0000E+00
                      49  dummy49    0.0000E+00    0.0000E+00
                      50  bcdmsh2    9.7016E-01    4.8771E-03
                      51  bcdmsd2    9.9069E-01    5.8471E-03
                      52  ccfr       1.0000E+00    0.0000E+00
                      53  nutev      1.0000E+00    0.0000E+00
                      54  zeus       9.7998E-01    0.0000E+00
                      55  h1         1.0162E+00    0.0000E+00
                      56  e605       1.0319E+00    0.0000E+00
                      57  NmcH2      1.0062E+00    7.1216E-03
                      58  ntv_nu     1.0000E+00    0.0000E+00
                      59  ntv_nuba   1.0000E+00    0.0000E+00
                      60  cdf_jet    9.8910E-01    0.0000E+00
                      61  d0_jet     8.3504E-01    0.0000E+00
                      62  slac_p     1.0022E+00    4.8996E-03
                      63  slac_d     1.0020E+00    5.3236E-03
                      64  e866pp     9.5709E-01    2.1897E-02
                      65  e866pd     9.5019E-01    1.8661E-02
                      66  d0_gamje   1.0402E+00    1.6570E-02
                      67  h1b        9.7608E-01    0.0000E+00
                      68  jlab_p     9.9423E-01    5.8962E-03
                      69  jlab_d     9.7524E-01    5.9805E-03
                      70  blank      1.0000E+00    0.0000E+00
                      71  d0run2     9.4758E-01    1.4886E-02
                      72  cdfrun2    9.3386E-01    1.7604E-02
                      73  HERA_el    1.0000E+00    0.0000E+00
                      74  HERA_ps    1.0000E+00    0.0000E+00
                      75  CDF_Z      9.6022E-01    6.8626E-03
                      76  NmcRat     1.0000E+00    0.0000E+00
                      77  BNS_F2nd   9.7493E-01    8.8483E-03
                      78  HERMES_F   9.9528E-01    5.6241E-03
                      79  HERMES_F   9.7795E-01    5.8527E-03
0 MINIMIZATION TERMINATED WITH STEP  4
  TOLERANCE CRITERION      SATISFIED
0 CHI SQUARED PER DEGREE OF FREEDOM IS  1.044E+00
   1.000 -0.566 -0.984  0.450  0.059  0.018 -0.402  0.533  0.475 -0.475 -0.623 -0.198 -0.411 -0.087  0.204  0.026 -0.018 -0.040 -0.015  0.037 -0.016  0.108 -0.249  0.015  0.224  0.186  0.091  0.186  0.185 -0.562 -0.317  0.087  0.084  0.162 -0.084 -0.085  0.401  0.069  0.175  0.161
  -0.566  1.000  0.680 -0.032  0.141  0.070  0.086 -0.236 -0.219  0.439  0.337  0.322  0.211  0.253 -0.067  0.108  0.089  0.025 -0.088 -0.173  0.170 -0.522  0.418  0.266  0.115  0.049  0.028  0.056  0.055  0.366  0.061  0.012  0.163  0.134 -0.079 -0.026 -0.193 -0.232  0.067  0.057
  -0.984  0.680  1.000 -0.382 -0.003 -0.010  0.377 -0.508 -0.457  0.517  0.630  0.239  0.419  0.135 -0.178  0.020  0.040  0.041 -0.009 -0.062  0.045 -0.177  0.287  0.053 -0.120 -0.112 -0.039 -0.080 -0.094  0.611  0.335 -0.069  0.012 -0.078  0.036  0.050 -0.346 -0.102 -0.083 -0.079
   0.450 -0.032 -0.382  1.000  0.756 -0.496 -0.202  0.280  0.225 -0.274 -0.392  0.270 -0.322  0.186  0.365  0.221 -0.213  0.218 -0.139 -0.104  0.127 -0.298  0.176  0.245  0.292  0.213  0.096  0.282  0.239 -0.142 -0.243  0.085  0.216  0.181 -0.078 -0.062  0.200 -0.111  0.266  0.223
   0.059  0.141 -0.003  0.756  1.000 -0.788  0.403 -0.058 -0.076  0.156  0.069  0.127 -0.005  0.190  0.228  0.155 -0.250  0.239 -0.240 -0.044  0.048 -0.225  0.075  0.168  0.188  0.128  0.114  0.138  0.101  0.049 -0.056  0.041  0.152  0.008 -0.041 -0.028  0.083 -0.087  0.154  0.124
   0.018  0.070 -0.010 -0.496 -0.788  1.000 -0.696  0.243  0.237 -0.103 -0.246  0.122  0.057 -0.088 -0.160 -0.177  0.228 -0.247  0.369 -0.234  0.203  0.218 -0.124 -0.160 -0.058 -0.042 -0.132 -0.043 -0.040 -0.050 -0.172  0.029 -0.037  0.033  0.021  0.016 -0.120 -0.260 -0.093 -0.083
  -0.402  0.086  0.377 -0.202  0.403 -0.696  1.000 -0.477 -0.433  0.525  0.674 -0.349  0.314 -0.081 -0.106  0.031 -0.056  0.074 -0.313  0.330 -0.325 -0.007 -0.052  0.023 -0.052 -0.042  0.119 -0.067 -0.059  0.239  0.420 -0.084 -0.018 -0.125 -0.019 -0.013  0.050  0.333 -0.021 -0.009
   0.533 -0.236 -0.508  0.280 -0.058  0.243 -0.477  1.000  0.970 -0.495 -0.801  0.056 -0.260 -0.104 -0.026 -0.043  0.159 -0.142  0.106 -0.044  0.039 -0.025 -0.038  0.052  0.217  0.176  0.125  0.198  0.185 -0.217 -0.168  0.097  0.123  0.172  0.013  0.007  0.316 -0.049  0.185  0.161
   0.475 -0.219 -0.457  0.225 -0.076  0.237 -0.433  0.970  1.000 -0.447 -0.751  0.040 -0.229 -0.102 -0.132 -0.105  0.195 -0.187  0.107 -0.043  0.037 -0.016 -0.039  0.029  0.169  0.138  0.106  0.145  0.136 -0.214 -0.169  0.085  0.085  0.131  0.032  0.020  0.257 -0.049  0.137  0.118
  -0.475  0.439  0.517 -0.274  0.156 -0.103  0.525 -0.495 -0.447  1.000  0.803 -0.238  0.548 -0.102 -0.122 -0.127 -0.160  0.067  0.086  0.016 -0.075  0.100 -0.033 -0.148 -0.050 -0.031  0.046 -0.029 -0.015  0.202  0.187 -0.037  0.044 -0.033  0.090  0.053 -0.106 -0.083 -0.006  0.020
  -0.623  0.337  0.630 -0.392  0.069 -0.246  0.674 -0.801 -0.751  0.803  1.000 -0.265  0.454 -0.142 -0.111 -0.063 -0.062  0.002 -0.056  0.229 -0.267  0.111 -0.082 -0.072 -0.017 -0.010  0.088  0.034  0.042  0.427  0.531 -0.108  0.079  0.010 -0.055 -0.060  0.005  0.164  0.044  0.073
  -0.198  0.322  0.239  0.270  0.127  0.122 -0.349  0.056  0.040 -0.238 -0.265  1.000 -0.427  0.460  0.114  0.068 -0.105  0.121 -0.107 -0.436  0.495 -0.200  0.250  0.067  0.030  0.054 -0.015  0.056  0.045  0.302 -0.254  0.063  0.081  0.048  0.064  0.059 -0.306 -0.301  0.065  0.012
  -0.411  0.211  0.419 -0.322 -0.005  0.057  0.314 -0.260 -0.229  0.548  0.454 -0.427  1.000  0.103 -0.238 -0.132  0.121 -0.132  0.189 -0.174  0.132  0.149 -0.137 -0.087  0.027  0.014  0.048  0.016 -0.000  0.309  0.176 -0.010  0.044 -0.018 -0.017 -0.014 -0.114 -0.226 -0.007  0.001
  -0.087  0.253  0.135  0.186  0.190 -0.088 -0.081 -0.104 -0.102 -0.102 -0.142  0.460  0.103  1.000  0.049  0.182 -0.141  0.237 -0.254 -0.558  0.665 -0.168  0.215  0.064  0.111  0.099  0.125  0.113  0.074  0.238 -0.286  0.096  0.113  0.060  0.057  0.062 -0.356 -0.378  0.105  0.067
   0.204 -0.067 -0.178  0.365  0.228 -0.160 -0.106 -0.026 -0.132 -0.122 -0.111  0.114 -0.238  0.049  1.000  0.691 -0.672  0.781 -0.059  0.005  0.006 -0.079  0.133  0.095  0.120  0.092 -0.050  0.162  0.149 -0.113 -0.104  0.043  0.104  0.115 -0.029  0.005  0.100  0.004  0.147  0.135
   0.026  0.108  0.020  0.221  0.155 -0.177  0.031 -0.043 -0.105 -0.127 -0.063  0.068 -0.132  0.182  0.691  1.000 -0.231  0.702 -0.148  0.036 -0.002 -0.345  0.430  0.388  0.144  0.096  0.027  0.242  0.212  0.028  0.023  0.036  0.157  0.163 -0.271 -0.118  0.073  0.078  0.208  0.192
  -0.018  0.089  0.040 -0.213 -0.250  0.228 -0.056  0.159  0.195 -0.160 -0.062 -0.105  0.121 -0.141 -0.672 -0.231  1.000 -0.834 -0.006  0.115 -0.110 -0.183  0.027  0.322  0.134  0.076  0.141  0.150  0.119  0.186  0.257 -0.025  0.118  0.115 -0.403 -0.285  0.244  0.136  0.091  0.073
  -0.040  0.025  0.041  0.218  0.239 -0.247  0.074 -0.142 -0.187  0.067  0.002  0.121 -0.132  0.237  0.781  0.702 -0.834  1.000 -0.057 -0.102  0.116 -0.076  0.272 -0.041 -0.099 -0.066 -0.127 -0.064 -0.050 -0.146 -0.233  0.039 -0.068 -0.061  0.196  0.190 -0.246 -0.092 -0.028 -0.019
  -0.015 -0.088 -0.009 -0.139 -0.240  0.369 -0.313  0.106  0.107  0.086 -0.056 -0.107  0.189 -0.254 -0.059 -0.148 -0.006 -0.057  1.000 -0.418  0.247  0.062 -0.024 -0.105 -0.173  0.075 -0.130 -0.165  0.050 -0.128 -0.127  0.005 -0.102  0.059  0.097  0.072 -0.103 -0.417 -0.148  0.006
   0.037 -0.173 -0.062 -0.104 -0.044 -0.234  0.330 -0.044 -0.043  0.016  0.229 -0.436 -0.174 -0.558  0.005  0.036  0.115 -0.102 -0.418  1.000 -0.978  0.037 -0.081  0.064  0.067 -0.219  0.053  0.105 -0.175 -0.049  0.457 -0.094  0.052 -0.154 -0.133 -0.113  0.413  0.732  0.079 -0.114
  -0.016  0.170  0.045  0.127  0.048  0.203 -0.325  0.039  0.037 -0.075 -0.267  0.495  0.132  0.665  0.006 -0.002 -0.110  0.116  0.247 -0.978  1.000 -0.059  0.104 -0.045 -0.040  0.206 -0.035 -0.071  0.156  0.069 -0.476  0.101 -0.026  0.137  0.124  0.107 -0.428 -0.678 -0.056  0.107
   0.108 -0.522 -0.177 -0.298 -0.225  0.218 -0.007 -0.025 -0.016  0.100  0.111 -0.200  0.149 -0.168 -0.079 -0.345 -0.183 -0.076  0.062  0.037 -0.059  1.000 -0.825 -0.588 -0.077 -0.046  0.013 -0.083 -0.077 -0.012  0.091 -0.019 -0.164 -0.176  0.176  0.078  0.057 -0.007 -0.086 -0.075
  -0.249  0.418  0.287  0.176  0.075 -0.124 -0.052 -0.038 -0.039 -0.033 -0.082  0.250 -0.137  0.215  0.133  0.430  0.027  0.272 -0.024 -0.081  0.104 -0.825  1.000  0.325 -0.081 -0.073 -0.104  0.073  0.067 -0.009 -0.168  0.019  0.072  0.116 -0.029  0.041 -0.266 -0.043  0.043  0.031
   0.015  0.266  0.053  0.245  0.168 -0.160  0.023  0.052  0.029 -0.148 -0.072  0.067 -0.087  0.064  0.095  0.388  0.322 -0.041 -0.105  0.064 -0.045 -0.588  0.325  1.000  0.244  0.185  0.093  0.091  0.087  0.124  0.131  0.014 -0.002  0.025 -0.337 -0.210  0.196  0.112  0.140  0.132
   0.224  0.115 -0.120  0.292  0.188 -0.058 -0.052  0.217  0.169 -0.050 -0.017  0.030  0.027  0.111  0.120  0.144  0.134 -0.099 -0.173  0.067 -0.040 -0.077 -0.081  0.244  1.000  0.485  0.384  0.697  0.609  0.361  0.385  0.062  0.561  0.505 -0.263 -0.222  0.544  0.079  0.604  0.551
   0.186  0.049 -0.112  0.213  0.128 -0.042 -0.042  0.176  0.138 -0.031 -0.010  0.054  0.014  0.099  0.092  0.096  0.076 -0.066  0.075 -0.219  0.206 -0.046 -0.073  0.185  0.485  1.000  0.322  0.529  0.669  0.299  0.299  0.050  0.419  0.555 -0.187 -0.163  0.424 -0.070  0.482  0.582
   0.091  0.028 -0.039  0.096  0.114 -0.132  0.119  0.125  0.106  0.046  0.088 -0.015  0.048  0.125 -0.050  0.027  0.141 -0.127 -0.130  0.053 -0.035  0.013 -0.104  0.093  0.384  0.322  1.000  0.437  0.412  0.325  0.362  0.027  0.350  0.335 -0.166 -0.145  0.394  0.092  0.420  0.400
   0.186  0.056 -0.080  0.282  0.138 -0.043 -0.067  0.198  0.145 -0.029  0.034  0.056  0.016  0.113  0.162  0.242  0.150 -0.064 -0.165  0.105 -0.071 -0.083  0.073  0.091  0.697  0.529  0.437  1.000  0.798  0.459  0.491  0.058  0.759  0.673 -0.308 -0.255  0.600  0.130  0.756  0.688
   0.185  0.055 -0.094  0.239  0.101 -0.040 -0.059  0.185  0.136 -0.015  0.042  0.045 -0.000  0.074  0.149  0.212  0.119 -0.050  0.050 -0.175  0.156 -0.077  0.067  0.087  0.609  0.669  0.412  0.798  1.000  0.406  0.448  0.048  0.626  0.826 -0.279 -0.232  0.563 -0.021  0.689  0.797
  -0.562  0.366  0.611 -0.142  0.049 -0.050  0.239 -0.217 -0.214  0.202  0.427  0.302  0.309  0.238 -0.113  0.028  0.186 -0.146 -0.128 -0.049  0.069 -0.012 -0.009  0.124  0.361  0.299  0.325  0.459  0.406  1.000  0.623 -0.020  0.403  0.318 -0.186 -0.154  0.177  0.008  0.412  0.374
