# fitpack15: fit parameters                                                                         
# CJ15 AV18 final data choices                                                                      
# Created on 06/27/2019 at 13:32:06                                                                 

 # QCD setup
  INS                           0
  NVL                          11
  IORD                          1
  Q02                   1.6899999999999999     
  IPARAMC                       7
  FLAVOR                4.0000000000000000     
  xmc                   1.3000000000000000     
  xmb                   4.5000000000000000     
  ncb                          12
  ihq                           1
  ias                           0

 # Theory corrections
  inuke                     10114
  itmc                          1
  iht                           1

 # fit parameters
 LAMBDA       0.22680        0.0000    
 a0uv          2.3842        0.0000    
 a1uv         0.61225       0.25340E-01
 a2uv          3.5345       0.13852E-01
 a3uv          0.0000        0.0000    
 a4uv          3.4550       0.56720    
 a5uv          0.0000        0.0000    
 a0dv          24.261        0.0000    
 a1dv          1.1539       0.33578E-01
 a2dv          6.4149       0.13339    
 a3dv         -3.4723       0.85511E-01
 a4dv          4.5689       0.16097    
 a5dv          0.0000        0.0000    
 a0ud         0.14647       0.53361E-02
 a1ud        -0.20782       0.39315E-02
 a2ud          8.3162       0.21896    
 a3ud          0.0000        0.0000    
 a4ud          14.194        1.4206    
 a5ud          0.0000        0.0000    
 a0du          35712.        0.0000    
 a1du          4.0504       0.87268E-01
 a2du          20.250        1.0061    
 a3du          17.000        0.0000    
 a4du          51.406        12.373    
 a0g           46.923        0.0000    
 a1g          0.60970       0.30421E-01
 a2g           6.1581       0.86677    
 a3g          -3.3779       0.12403    
 a4g           3.2565       0.28669    
 a5g           0.0000        0.0000    
 kappa        0.40000        0.0000    
 a6dv          0.0000        0.0000    
 a7dv          0.0000        0.0000    
 off1         -2.8581        1.0275    
 off2         0.18525       0.73573    
 off3         0.14300       0.72740    
 ht1          -3.3877       0.28448    
 ht2           1.9684       0.11678    
 ht3          -2.0983       0.29188E-01
 ht4           0.0000        0.0000    
 dummy41       0.0000        0.0000    
 dummy42       0.0000        0.0000    
 dummy43       0.0000        0.0000    
 dummy44       0.0000        0.0000    
 dummy45       0.0000        0.0000    
 dummy46       0.0000        0.0000    
 dummy47       0.0000        0.0000    
 dummy48       0.0000        0.0000    
 dummy49       0.0000        0.0000    
 bcdmsh2      0.97016       0.48771E-02
 bcdmsd2      0.99069       0.58471E-02
 ccfr          1.0000        0.0000    
 nutev         1.0000        0.0000    
 zeus         0.97998        0.0000    
 h1            1.0162        0.0000    
 e605          1.0319        0.0000    
 NmcH2         1.0062       0.71216E-02
 ntv_nu        1.0000        0.0000    
 ntv_nuba      1.0000        0.0000    
 cdf_jet      0.98910        0.0000    
 d0_jet       0.83504        0.0000    
 slac_p        1.0022       0.48996E-02
 slac_d        1.0020       0.53236E-02
 e866pp       0.95709       0.21897E-01
 e866pd       0.95019       0.18661E-01
 d0_gamje      1.0402       0.16570E-01
 h1b          0.97608        0.0000    
 jlab_p       0.99423       0.58962E-02
 jlab_d       0.97524       0.59805E-02
 blank         1.0000        0.0000    
 d0run2       0.94758       0.14886E-01
 cdfrun2      0.93386       0.17604E-01
 HERA_el       1.0000        0.0000    
 HERA_ps       1.0000        0.0000    
 CDF_Z        0.96022       0.68626E-02
 NmcRat        1.0000        0.0000    
 BNS_F2nd     0.97493       0.88483E-02
 HERMES_F     0.99528       0.56241E-02
 HERMES_F     0.97795       0.58527E-02
 END 0. 0.

 # Hessian matrix (Bevington alpha)
   0.47310276565107E+07 -0.12574402534061E+07  0.22777221343655E+06  0.53648570428866E+06 -0.15389983986786E+06  0.30291946725427E+05  0.90834091200866E+05  0.92525781085518E+06 -0.16951800888136E+06 -0.49731201387952E+05  0.78311628659528E+04  0.13966427276509E+05  0.15549137594134E+04 -0.80705160933263E+02  0.12064903850486E+05 -0.28488991333078E+04  0.16562661241736E+05  0.11535763125376E+05 -0.60599450193830E+04 -0.54507452145270E+05 -0.46701869569653E+05 -0.18950624636746E+05 -0.93989885055252E+04 -0.22515243479821E+06 -0.12742410649053E+06 -0.53687936745192E+05 -0.44554712864360E+04 -0.84214672834962E+06 -0.10808303327099E+07 -0.20759414451562E+05 -0.46957593748302E+05 -0.30715366934423E+04 -0.19856282379578E+06 -0.22149180385939E+06 -0.86728401100541E+04 -0.30717751663426E+04 -0.15730632630395E+05  0.16886209873766E+05 -0.71101675767433E+05 -0.55866085890351E+05
  -0.12574402534061E+07  0.40472923497887E+06 -0.62522163769338E+05 -0.13304292065692E+06  0.42125235824766E+05 -0.18945907807930E+04 -0.19636030115244E+05 -0.12369429532264E+06  0.25893760199351E+05  0.76357448440510E+04 -0.98824629025232E+03 -0.11509603940677E+04 -0.12995123152367E+03  0.10441668074952E+02  0.47301490904073E+03 -0.84721698977457E+01 -0.73950165081581E+02 -0.72243753104306E+02  0.20995122440665E+04  0.17051896685207E+05  0.15004356013770E+05  0.86161895121235E+04  0.95420735819170E+04  0.66697892845174E+05  0.16588490733953E+05  0.81766004694350E+04 -0.24222925448266E+03  0.20967339633055E+06  0.26206035121352E+06  0.58328983715802E+04  0.13364632049031E+05  0.41817509363729E+03  0.63352362600851E+05  0.70260916331819E+05  0.23372863802109E+04  0.74273885398029E+03 -0.22722705373848E+04 -0.22936742946693E+04  0.85628666330681E+04  0.71871850832434E+04
   0.22777221343655E+06 -0.62522163769338E+05  0.11086489529615E+05  0.25309458239022E+05 -0.75191547970848E+04  0.10267634270128E+04  0.42078279073425E+04  0.32620950918493E+05 -0.57883353140080E+04 -0.20615614295231E+04  0.28100845552691E+03  0.43517817760077E+03  0.56281499627342E+02 -0.38522448941954E+01 -0.23780289761997E+03 -0.31881691673120E+02 -0.35483629831916E+02  0.83146062303943E+02 -0.30275358154639E+03 -0.26924933164909E+04 -0.23202145575213E+04 -0.10197111562230E+04 -0.75329450260978E+03 -0.11095211287120E+05 -0.55820564041456E+04 -0.23704694011469E+04  0.51521565759473E+02 -0.39370508965791E+05 -0.50781788935024E+05 -0.10177452425243E+04 -0.23133505884210E+04 -0.11879230915688E+03 -0.99767067337964E+04 -0.11113809715125E+05 -0.41729981225061E+03 -0.14526266704975E+03  0.33512425042553E+02  0.74447104586959E+03 -0.25878435080832E+04 -0.20931296048492E+04
   0.53648570428866E+06 -0.13304292065692E+06  0.25309458239022E+05  0.28412024249626E+06 -0.49138742334554E+05  0.61912366229257E+05  0.52123621753994E+05  0.31531281934324E+06 -0.28457244899323E+05 -0.16127760380641E+05  0.30480845910649E+04 -0.80527891139788E+03 -0.73027322137505E+02  0.33953087784811E+02  0.27888957025997E+05 -0.33747812055081E+04  0.26313241073782E+05  0.14555338167020E+05 -0.11932307418161E+04 -0.13160553224524E+05 -0.10973967873200E+05 -0.10732173824227E+04  0.28071232036666E+04 -0.37487795072702E+05 -0.12640482608239E+05 -0.20867692675147E+05 -0.80352355680036E+02 -0.62586474188273E+05 -0.32661203184863E+06 -0.12891037234252E+04 -0.23111501199886E+04 -0.67500085744188E+02 -0.10681357455932E+05 -0.48242538369158E+05 -0.22717458942908E+04 -0.89855489783853E+03 -0.99904245463657E+04 -0.15891498735110E+05 -0.71382463404471E+04 -0.21151810596016E+05
  -0.15389983986786E+06  0.42125235824766E+05 -0.75191547970848E+04 -0.49138742334554E+05  0.10813513223764E+05 -0.72559705908300E+04 -0.86172290929696E+04 -0.30483660889019E+05  0.10797967390598E+04  0.22315518725873E+04 -0.31900272373831E+03 -0.70815737843165E+02 -0.23460770410286E+01 -0.27441271441538E+01 -0.23214014252626E+04  0.27626338459716E+03 -0.21405809679564E+04 -0.11792749740233E+04  0.35490613137769E+03  0.34725812306741E+04  0.29996959679880E+04  0.71151929453023E+03  0.50468621519623E+03  0.97065747867390E+04  0.20476413634121E+04  0.35050005039646E+04 -0.58602203557947E+02  0.12879144935254E+05  0.68157322702075E+05  0.36429632783648E+03  0.63413913570103E+03  0.90810805971130E+01  0.33017688235117E+04  0.14702446787874E+05  0.50346200317126E+03  0.18448231426145E+03  0.32917881316754E+03  0.26061962879036E+04  0.85269595477942E+03  0.26430291753431E+04
   0.30291946725427E+05 -0.18945907807930E+04  0.10267634270128E+04  0.61912366229257E+05 -0.72559705908300E+04  0.19324471485447E+05  0.12317095040917E+05  0.99321056243102E+05 -0.95173562038710E+04 -0.44170633492006E+04  0.95607652169821E+03 -0.40404131276850E+03 -0.34360497991566E+02  0.12104449713401E+02  0.89526441855322E+04 -0.11249149351525E+04  0.85038964435881E+04  0.48128877219916E+04 -0.50510475146744E+02 -0.11918238448087E+04 -0.85463504937925E+03  0.53490566628551E+03  0.22461248869633E+04 -0.33188973304469E+04 -0.31207121625186E+04 -0.48487430747271E+04  0.16875688892623E+03 -0.11186354565839E+05 -0.55190289161706E+05 -0.60637313039740E+02 -0.13824210058008E+03 -0.19892155359493E+02 -0.21436372098011E+03 -0.11863251207905E+04 -0.35261266567107E+03 -0.16391392617601E+03 -0.31347696843168E+04 -0.38911260818087E+04 -0.19880262901549E+04 -0.57432406727273E+04
   0.90834091200866E+05 -0.19636030115244E+05  0.42078279073425E+04  0.52123621753994E+05 -0.86172290929696E+04  0.12317095040917E+05  0.10079181535503E+05  0.55010718093976E+05 -0.34552667156326E+04 -0.31274283322198E+04  0.55582210269419E+03 -0.89799499178394E+02 -0.10057611987387E+02  0.59934902750770E+01  0.45036925957537E+04 -0.56832085001851E+03  0.41401651886261E+04  0.23597233646072E+04 -0.16990924408175E+03 -0.21320091413488E+04 -0.17547657116286E+04  0.38129891598390E+02  0.10134218974553E+04 -0.60272341977247E+04 -0.26760440550618E+04 -0.42435058981800E+04  0.14425572038852E+03 -0.11474536901527E+05 -0.59872892258315E+05 -0.20629363630578E+03 -0.35938293412672E+03 -0.13673400172025E+02 -0.14234639809086E+04 -0.65380155583485E+04 -0.41579037841455E+03 -0.17110622384370E+03 -0.13176950604063E+04 -0.34778850556369E+04 -0.12239387633079E+04 -0.36632659307837E+04
   0.92525781085518E+06 -0.12369429532264E+06  0.32620950918493E+05  0.31531281934324E+06 -0.30483660889019E+05  0.99321056243102E+05  0.55010718093976E+05  0.48789194500779E+07 -0.22904104771827E+07 -0.82602318605503E+05  0.25603363310245E+05  0.25947271458206E+05  0.17452910096119E+04  0.90601379446053E+02  0.79752839855608E+05 -0.10502571218705E+05  0.89589728540858E+05  0.48265766144130E+05 -0.54677165521612E+03 -0.56572109256042E+04 -0.13419878064875E+04  0.66258426001127E+04  0.34395370235316E+05 -0.28645097545696E+05 -0.59579670595596E+05 -0.47862819547417E+05 -0.66485811202348E+05 -0.27876280515883E+06 -0.55252689139014E+06 -0.72909604636246E+05 -0.16368215467372E+06 -0.12911044802510E+04 -0.57324521553363E+04 -0.11398180068498E+05  0.46428753107115E+03  0.33689546914316E+03 -0.26120248826459E+06 -0.86183092313822E+04 -0.13605096678631E+06 -0.16865585582029E+06
  -0.16951800888136E+06  0.25893760199351E+05 -0.57883353140080E+04 -0.28457244899323E+05  0.10797967390598E+04 -0.95173562038710E+04 -0.34552667156326E+04 -0.22904104771827E+07  0.19224362527266E+07  0.18569199455245E+05 -0.64779909453645E+04 -0.55259106448240E+04 -0.30130967017968E+03 -0.13858784605192E+02  0.51030584139307E+05 -0.26034842606510E+04  0.19544798403629E+05  0.97167742463581E+04  0.10322657293685E+03  0.34984189578730E+03 -0.75133164673374E+03 -0.16125116769051E+04 -0.86741036032717E+04  0.46539082916530E+04  0.11182434835269E+05  0.10606772994699E+05  0.23961956681699E+05  0.65034027097176E+05  0.12470718121450E+06  0.23247573243708E+05  0.52306092743226E+05  0.16637934485174E+03  0.65230152249223E+03  0.13275966689864E+04 -0.13253810333438E+04 -0.72246627324112E+03  0.11125332042573E+06  0.15888383013284E+04  0.43928612111253E+05  0.53924142868197E+05
  -0.49731201387952E+05  0.76357448440510E+04 -0.20615614295231E+04 -0.16127760380641E+05  0.22315518725873E+04 -0.44170633492006E+04 -0.31274283322198E+04 -0.82602318605503E+05  0.18569199455245E+05  0.25399015554187E+04 -0.62959823553400E+03 -0.67136452323051E+03 -0.59338910221530E+02 -0.14001352941549E+01 -0.39630362055021E+04  0.49981200256746E+03 -0.38660209744492E+04 -0.21849634412995E+04  0.35764912175439E+02  0.48757203146128E+03  0.33376201435889E+03 -0.19503936659283E+03 -0.10377372503329E+04  0.18376886866644E+04  0.26991880518503E+04  0.18684577499261E+04  0.72293540700421E+03  0.10831311096451E+05  0.22675968641024E+05  0.15339628833693E+04  0.33735943274889E+04  0.42147235671612E+02  0.56985090399215E+03  0.10951243564308E+04  0.12381975019704E+03  0.55338837395035E+02  0.30709504220876E+04  0.44103345055497E+03  0.27634037557755E+04  0.35111626531804E+04
   0.78311628659528E+04 -0.98824629025232E+03  0.28100845552691E+03  0.30480845910649E+04 -0.31900272373831E+03  0.95607652169821E+03  0.55582210269419E+03  0.25603363310245E+05 -0.64779909453645E+04 -0.62959823553400E+03  0.18157073768984E+03  0.20247674618147E+03  0.14831978626857E+02  0.62870328462262E+00  0.12788363005722E+04 -0.14627885290564E+03  0.12007133236197E+04  0.65335898259813E+03 -0.43506922451273E+01 -0.55765987375886E+02 -0.24680638282746E+02  0.49657601617977E+02  0.25214005027411E+03 -0.24122304959740E+03 -0.49001727358563E+03 -0.36899165577029E+03 -0.34402426330067E+03 -0.21031109313607E+04 -0.42235148342476E+04 -0.45344160945814E+03 -0.10179171508076E+04 -0.11131166308669E+02 -0.50627777855463E+02 -0.10052634447656E+03 -0.13283180169433E+02 -0.63425529388014E+01 -0.11706424697212E+04 -0.70716129885186E+02 -0.84370320438772E+03 -0.10541927296015E+04
   0.13966427276509E+05 -0.11509603940677E+04  0.43517817760077E+03 -0.80527891139788E+03 -0.70815737843165E+02 -0.40404131276850E+03 -0.89799499178394E+02  0.25947271458206E+05 -0.55259106448240E+04 -0.67136452323051E+03  0.20247674618147E+03  0.16091805240276E+04  0.10476712061664E+03 -0.54074168881829E+00  0.14904625780515E+04 -0.21293085063158E+03  0.17963377615986E+04  0.10238288843690E+04 -0.10726191016952E+01 -0.37098052376436E+02 -0.69704360275004E+02  0.49717282765196E+02  0.27654399737729E+03 -0.56298712597639E+02 -0.11107576107143E+04 -0.36241321048966E-10 -0.72075802495114E+03 -0.49469553413180E+04 -0.24008931261456E-09 -0.24167939286915E+04 -0.70895615813539E+02 -0.78235801464920E+02 -0.19609091107233E+00  0.62005916486774E-10 -0.17357325014537E+01 -0.74471926142198E+00  0.27861930579577E+03  0.30606944632078E+03 -0.27102874639075E+04  0.27793770790529E-10
   0.15549137594134E+04 -0.12995123152367E+03  0.56281499627342E+02 -0.73027322137505E+02 -0.23460770410286E+01 -0.34360497991566E+02 -0.10057611987387E+02  0.17452910096119E+04 -0.30130967017968E+03 -0.59338910221530E+02  0.14831978626857E+02  0.10476712061664E+03  0.93434353196245E+01 -0.12956450505596E+00  0.85487671819962E+02 -0.14639371040253E+02  0.11163447772439E+03  0.68752044329162E+02 -0.20202084662550E+00 -0.52147941964181E+00 -0.22198593224230E+01  0.63314523812036E+01  0.30916629372165E+02 -0.11253976848583E+02 -0.16302883607550E+03  0.13364896506297E-11 -0.27879847429366E+02 -0.57883311135240E+03  0.21005221756258E-10 -0.15031075632126E+03 -0.18609080478565E+02 -0.62755856938884E+01 -0.14124083869839E+00  0.55715978250728E-11 -0.18193760771975E+00 -0.70691906242601E-01  0.27989088873131E+02  0.68433678268817E+02 -0.19395936172615E+03  0.21326242226374E-11
  -0.80705160933263E+02  0.10441668074952E+02 -0.38522448941954E+01  0.33953087784811E+02 -0.27441271441538E+01  0.12104449713401E+02  0.59934902750770E+01  0.90601379446053E+02 -0.13858784605192E+02 -0.14001352941549E+01  0.62870328462262E+00 -0.54074168881829E+00 -0.12956450505596E+00  0.44864952455922E-01  0.13945238282947E+02 -0.10169812865282E+01  0.90784719107123E+01  0.41554763259589E+01  0.31564662897775E-01 -0.72795976754308E+00 -0.91684241260608E+00 -0.46747347458673E-02  0.21312395869102E-01  0.14756853724612E-01  0.71554742940005E-01  0.14706134728050E-13 -0.64293152523611E+01 -0.89958853171094E+00  0.45542424575678E-11 -0.37451766919306E+01 -0.24291182159093E-04 -0.14932674763705E+00  0.36979186651233E-13  0.11386404304697E-12 -0.18319342478619E-02 -0.10032605197631E-02 -0.17348209662532E+01  0.73676032619244E-04 -0.34691144399392E+01  0.37624907041233E-12
   0.12064903850486E+05  0.47301490904073E+03 -0.23780289761997E+03  0.27888957025997E+05 -0.23214014252626E+04  0.89526441855322E+04  0.45036925957537E+04  0.79752839855608E+05  0.51030584139307E+05 -0.39630362055021E+04  0.12788363005722E+04  0.14904625780515E+04  0.85487671819962E+02  0.13945238282947E+02  0.50227662820962E+05 -0.48443321556791E+04  0.40077348240818E+05  0.21027983994039E+05  0.10395069395835E+02  0.15633118169825E+03  0.15062613128708E+03 -0.21599297475043E+02 -0.13694729056935E+03  0.76499800387830E+03 -0.29038913582792E+04 -0.18943902302001E+04 -0.24998639957965E+04  0.18932489327002E+04  0.42573931901382E+04 -0.15759391266611E+04 -0.30935206731228E+04 -0.73267286448919E+03  0.32488512208321E+03  0.58677911866255E+03 -0.30205359599519E+04 -0.15802700448040E+04 -0.21916883609940E+04  0.19826856096177E+03 -0.95838317094991E+03 -0.10810392595490E+04
  -0.28488991333078E+04 -0.84721698977457E+01 -0.31881691673120E+02 -0.33747812055081E+04  0.27626338459716E+03 -0.11249149351525E+04 -0.56832085001851E+03 -0.10502571218705E+05 -0.26034842606510E+04  0.49981200256746E+03 -0.14627885290564E+03 -0.21293085063158E+03 -0.14639371040253E+02 -0.10169812865282E+01 -0.48443321556791E+04  0.54533389796103E+03 -0.44241672543556E+04 -0.24124135049954E+04 -0.25120747059101E+01 -0.29406638369913E+02 -0.30003925483913E+02 -0.67655916634054E+01 -0.16402178359071E+02 -0.16355583616633E+03  0.55593775512451E+03  0.34792525130826E+03  0.29379222127142E+03 -0.13731927457987E+03 -0.47507787499884E+03  0.16996797528878E+03  0.33203148279050E+03  0.83924139430710E+02 -0.88401707984917E+02 -0.15776492790517E+03  0.48347792633908E+03  0.23453590202376E+03 -0.35756958215252E+03 -0.35641346722491E+02  0.27112293210010E+03  0.30459800163725E+03
   0.16562661241736E+05 -0.73950165081581E+02 -0.35483629831916E+02  0.26313241073782E+05 -0.21405809679564E+04  0.85038964435881E+04  0.41401651886261E+04  0.89589728540858E+05  0.19544798403629E+05 -0.38660209744492E+04  0.12007133236197E+04  0.17963377615986E+04  0.11163447772439E+03  0.90784719107123E+01  0.40077348240818E+05 -0.44241672543556E+04  0.36665014899870E+05  0.19773595567715E+05  0.64425107803502E+01  0.17261338048184E+03  0.17177698313203E+03 -0.84722788317872E+02 -0.27531410859073E+03  0.67970215360666E+03 -0.31753748315952E+04 -0.20290924628594E+04 -0.27698699663125E+04  0.23417170732113E+04  0.51963906805703E+04 -0.14459987733988E+04 -0.28548327306190E+04 -0.68875973947264E+03  0.10476740761604E+03  0.20836011661773E+03 -0.30519873927475E+04 -0.16277561897454E+04  0.17547415520032E+04  0.28018158206947E+03 -0.19851880293053E+04 -0.22056132267454E+04
   0.11535763125376E+05 -0.72243753104306E+02  0.83146062303943E+02  0.14555338167020E+05 -0.11792749740233E+04  0.48128877219916E+04  0.23597233646072E+04  0.48265766144130E+05  0.97167742463581E+04 -0.21849634412995E+04  0.65335898259813E+03  0.10238288843690E+04  0.68752044329162E+02  0.41554763259589E+01  0.21027983994039E+05 -0.24124135049954E+04  0.19773595567715E+05  0.10802945649569E+05  0.63625495547148E+01  0.11741751412991E+03  0.11933708173901E+03 -0.27689227389858E+02 -0.77360210281741E+02  0.53806790935581E+03 -0.22157586842881E+04 -0.13820445342180E+04 -0.13877161063539E+04  0.10618842360731E+04  0.28075768262747E+04 -0.73607519503457E+03 -0.14534745045907E+04 -0.38016468800691E+03  0.14814182322433E+03  0.27781551194789E+03 -0.19764688235740E+04 -0.10100969278666E+04  0.17698431642256E+04  0.19105037488154E+03 -0.13491267139957E+04 -0.15010621432338E+04
  -0.60599450193830E+04  0.20995122440665E+04 -0.30275358154639E+03 -0.11932307418161E+04  0.35490613137769E+03 -0.50510475146744E+02 -0.16990924408175E+03 -0.54677165521612E+03  0.10322657293685E+03  0.35764912175439E+02 -0.43506922451273E+01 -0.10726191016952E+01 -0.20202084662550E+00  0.31564662897775E-01  0.10395069395835E+02 -0.25120747059101E+01  0.64425107803502E+01  0.63625495547148E+01  0.25623728382488E+02  0.19754763277754E+03  0.17439068051170E+03  0.52655694078246E+02  0.58110498313347E+02  0.38743737775127E+03  0.00000000000000E+00  0.45208245746444E+02  0.00000000000000E+00  0.00000000000000E+00  0.27498587330432E+04  0.00000000000000E+00  0.00000000000000E+00  0.00000000000000E+00  0.00000000000000E+00  0.75919514198999E+03  0.00000000000000E+00  0.00000000000000E+00  0.00000000000000E+00 -0.43538253327675E+02  0.00000000000000E+00  0.84500989265243E+02
  -0.54507452145270E+05  0.17051896685207E+05 -0.26924933164909E+04 -0.13160553224524E+05  0.34725812306741E+04 -0.11918238448087E+04 -0.21320091413488E+04 -0.56572109256042E+04  0.34984189578730E+03  0.48757203146128E+03 -0.55765987375886E+02 -0.37098052376436E+02 -0.52147941964181E+00 -0.72795976754308E+00  0.15633118169825E+03 -0.29406638369913E+02  0.17261338048184E+03  0.11741751412991E+03  0.19754763277754E+03  0.17402715307074E+04  0.15364318933769E+04  0.36250671311059E+03  0.32547761461271E+03  0.34710147556798E+04  0.00000000000000E+00  0.87108621644177E+03  0.00000000000000E+00  0.00000000000000E+00  0.27418843362741E+05  0.00000000000000E+00  0.00000000000000E+00  0.00000000000000E+00  0.00000000000000E+00  0.63718792223316E+04  0.00000000000000E+00  0.00000000000000E+00  0.00000000000000E+00 -0.77986497683414E+03  0.00000000000000E+00  0.78533320607958E+03
  -0.46701869569653E+05  0.15004356013770E+05 -0.23202145575213E+04 -0.10973967873200E+05  0.29996959679880E+04 -0.85463504937925E+03 -0.17547657116286E+04 -0.13419878064875E+04 -0.75133164673374E+03  0.33376201435889E+03 -0.24680638282746E+02 -0.69704360275004E+02 -0.22198593224230E+01 -0.91684241260608E+00  0.15062613128708E+03 -0.30003925483913E+02  0.17177698313203E+03  0.11933708173901E+03  0.17439068051170E+03  0.15364318933769E+04  0.13763357505388E+04  0.34003891488353E+03  0.36072807311962E+03  0.30066196799157E+04  0.00000000000000E+00  0.55605719141095E+03  0.00000000000000E+00  0.00000000000000E+00  0.22457225539112E+05  0.00000000000000E+00  0.00000000000000E+00  0.00000000000000E+00  0.00000000000000E+00  0.56323858995741E+04  0.00000000000000E+00  0.00000000000000E+00  0.00000000000000E+00 -0.58255338924065E+03  0.00000000000000E+00  0.27907298557836E+03
  -0.18950624636746E+05  0.86161895121235E+04 -0.10197111562230E+04 -0.10732173824227E+04  0.71151929453023E+03  0.53490566628551E+03  0.38129891598390E+02  0.66258426001127E+04 -0.16125116769051E+04 -0.19503936659283E+03  0.49657601617977E+02  0.49717282765196E+02  0.63314523812036E+01 -0.46747347458673E-02 -0.21599297475043E+02 -0.67655916634054E+01 -0.84722788317872E+02 -0.27689227389858E+02  0.52655694078246E+02  0.36250671311059E+03  0.34003891488353E+03  0.38831163654994E+03  0.69917811124067E+03  0.16119425339561E+04 -0.48100049344296E+02 -0.27645781409669E+02  0.29076635492850E+01  0.90606426647618E+03  0.50509582862299E+03  0.00000000000000E+00  0.00000000000000E+00  0.00000000000000E+00  0.23768517308067E+04  0.29466806374810E+04  0.00000000000000E+00  0.00000000000000E+00  0.00000000000000E+00 -0.27443364333534E+02 -0.35738471446206E+03 -0.37200877768188E+03
  -0.93989885055252E+04  0.95420735819170E+04 -0.75329450260978E+03  0.28071232036666E+04  0.50468621519623E+03  0.22461248869633E+04  0.10134218974553E+04  0.34395370235316E+05 -0.86741036032717E+04 -0.10377372503329E+04  0.25214005027411E+03  0.27654399737729E+03  0.30916629372165E+02  0.21312395869102E-01 -0.13694729056935E+03 -0.16402178359071E+02 -0.27531410859073E+03 -0.77360210281741E+02  0.58110498313347E+02  0.32547761461271E+03  0.36072807311962E+03  0.69917811124067E+03  0.18081070140078E+04  0.15804421331978E+04 -0.15366250144712E+03 -0.10428519433960E+03 -0.42055176776284E+02 -0.57678913561303E+04 -0.10196671174837E+05  0.00000000000000E+00  0.00000000000000E+00  0.00000000000000E+00  0.34022402805019E+04  0.41064632463717E+04  0.00000000000000E+00  0.00000000000000E+00  0.00000000000000E+00 -0.41908240314248E+02 -0.20420972719708E+04 -0.21118501760912E+04
  -0.22515243479821E+06  0.66697892845174E+05 -0.11095211287120E+05 -0.37487795072702E+05  0.97065747867390E+04 -0.33188973304469E+04 -0.60272341977247E+04 -0.28645097545696E+05  0.46539082916530E+04  0.18376886866644E+04 -0.24122304959740E+03 -0.56298712597639E+02 -0.11253976848583E+02  0.14756853724612E-01  0.76499800387830E+03 -0.16355583616633E+03  0.67970215360666E+03  0.53806790935581E+03  0.38743737775127E+03  0.34710147556798E+04  0.30066196799157E+04  0.16119425339561E+04  0.15804421331978E+04  0.16674359462411E+05  0.25195395360874E+03  0.13167746719488E+03 -0.62853444847098E+01  0.38067745471024E+05  0.61880882615310E+05  0.00000000000000E+00  0.00000000000000E+00  0.00000000000000E+00  0.16155779997662E+05  0.20371263296620E+05  0.00000000000000E+00  0.00000000000000E+00  0.00000000000000E+00 -0.83669447340806E+02  0.15616231908798E+04  0.15963707507166E+04
  -0.12742410649053E+06  0.16588490733953E+05 -0.55820564041456E+04 -0.12640482608239E+05  0.20476413634121E+04 -0.31207121625186E+04 -0.26760440550618E+04 -0.59579670595596E+05  0.11182434835269E+05  0.26991880518503E+04 -0.49001727358563E+03 -0.11107576107143E+04 -0.16302883607550E+03  0.71554742940005E-01 -0.29038913582792E+04  0.55593775512451E+03 -0.31753748315952E+04 -0.22157586842881E+04  0.00000000000000E+00  0.00000000000000E+00  0.00000000000000E+00 -0.48100049344296E+02 -0.15366250144712E+03  0.25195395360874E+03  0.11693796459097E+06  0.00000000000000E+00  0.00000000000000E+00  0.00000000000000E+00  0.00000000000000E+00  0.00000000000000E+00  0.00000000000000E+00  0.00000000000000E+00  0.00000000000000E+00  0.00000000000000E+00  0.00000000000000E+00  0.00000000000000E+00  0.00000000000000E+00  0.00000000000000E+00  0.00000000000000E+00  0.00000000000000E+00
  -0.53687936745192E+05  0.81766004694350E+04 -0.23704694011469E+04 -0.20867692675147E+05  0.35050005039646E+04 -0.48487430747271E+04 -0.42435058981800E+04 -0.47862819547417E+05  0.10606772994699E+05  0.18684577499261E+04 -0.36899165577029E+03 -0.36241321048966E-10  0.13364896506297E-11  0.14706134728050E-13 -0.18943902302001E+04  0.34792525130826E+03 -0.20290924628594E+04 -0.13820445342180E+04  0.45208245746444E+02  0.87108621644177E+03  0.55605719141095E+03 -0.27645781409669E+02 -0.10428519433960E+03  0.13167746719488E+03  0.00000000000000E+00  0.64918039405709E+05  0.00000000000000E+00  0.00000000000000E+00  0.00000000000000E+00  0.00000000000000E+00  0.00000000000000E+00  0.00000000000000E+00  0.00000000000000E+00  0.00000000000000E+00  0.00000000000000E+00  0.00000000000000E+00  0.00000000000000E+00  0.00000000000000E+00  0.00000000000000E+00  0.00000000000000E+00
  -0.44554712864360E+04 -0.24222925448266E+03  0.51521565759473E+02 -0.80352355680036E+02 -0.58602203557947E+02  0.16875688892623E+03  0.14425572038852E+03 -0.66485811202348E+05  0.23961956681699E+05  0.72293540700421E+03 -0.34402426330067E+03 -0.72075802495114E+03 -0.27879847429366E+02 -0.64293152523611E+01 -0.24998639957965E+04  0.29379222127142E+03 -0.27698699663125E+04 -0.13877161063539E+04  0.00000000000000E+00  0.00000000000000E+00  0.00000000000000E+00  0.29076635492850E+01 -0.42055176776284E+02 -0.62853444847098E+01  0.00000000000000E+00  0.00000000000000E+00  0.30820889936498E+05  0.00000000000000E+00  0.00000000000000E+00  0.00000000000000E+00  0.00000000000000E+00  0.00000000000000E+00  0.00000000000000E+00  0.00000000000000E+00  0.00000000000000E+00  0.00000000000000E+00  0.00000000000000E+00  0.00000000000000E+00  0.00000000000000E+00  0.00000000000000E+00
  -0.84214672834962E+06  0.20967339633055E+06 -0.39370508965791E+05 -0.62586474188273E+05  0.12879144935254E+05 -0.11186354565839E+05 -0.11474536901527E+05 -0.27876280515883E+06  0.65034027097176E+05  0.10831311096451E+05 -0.21031109313607E+04 -0.49469553413180E+04 -0.57883311135240E+03 -0.89958853171094E+00  0.18932489327002E+04 -0.13731927457987E+03  0.23417170732113E+04  0.10618842360731E+04  0.00000000000000E+00  0.00000000000000E+00  0.00000000000000E+00  0.90606426647618E+03 -0.57678913561303E+04  0.38067745471024E+05  0.00000000000000E+00  0.00000000000000E+00  0.00000000000000E+00  0.58054400778091E+06  0.00000000000000E+00  0.00000000000000E+00  0.00000000000000E+00  0.00000000000000E+00  0.00000000000000E+00  0.00000000000000E+00  0.00000000000000E+00  0.00000000000000E+00  0.00000000000000E+00  0.00000000000000E+00  0.00000000000000E+00  0.00000000000000E+00
  -0.10808303327099E+07  0.26206035121352E+06 -0.50781788935024E+05 -0.32661203184863E+06  0.68157322702075E+05 -0.55190289161706E+05 -0.59872892258315E+05 -0.55252689139014E+06  0.12470718121450E+06  0.22675968641024E+05 -0.42235148342476E+04 -0.24008931261456E-09  0.21005221756258E-10  0.45542424575678E-11  0.42573931901382E+04 -0.47507787499884E+03  0.51963906805703E+04  0.28075768262747E+04  0.27498587330432E+04  0.27418843362741E+05  0.22457225539112E+05  0.50509582862299E+03 -0.10196671174837E+05  0.61880882615310E+05  0.00000000000000E+00  0.00000000000000E+00  0.00000000000000E+00  0.00000000000000E+00  0.92227217136246E+06  0.00000000000000E+00  0.00000000000000E+00  0.00000000000000E+00  0.00000000000000E+00  0.00000000000000E+00  0.00000000000000E+00  0.00000000000000E+00  0.00000000000000E+00  0.00000000000000E+00  0.00000000000000E+00  0.00000000000000E+00
  -0.20759414451562E+05  0.58328983715802E+04 -0.10177452425243E+04 -0.12891037234252E+04  0.36429632783648E+03 -0.60637313039740E+02 -0.20629363630578E+03 -0.72909604636246E+05  0.23247573243708E+05  0.15339628833693E+04 -0.45344160945814E+03 -0.24167939286915E+04 -0.15031075632126E+03 -0.37451766919306E+01 -0.15759391266611E+04  0.16996797528878E+03 -0.14459987733988E+04 -0.73607519503457E+03  0.00000000000000E+00  0.00000000000000E+00  0.00000000000000E+00  0.00000000000000E+00  0.00000000000000E+00  0.00000000000000E+00  0.00000000000000E+00  0.00000000000000E+00  0.00000000000000E+00  0.00000000000000E+00  0.00000000000000E+00  0.15029124378603E+05  0.00000000000000E+00  0.00000000000000E+00  0.00000000000000E+00  0.00000000000000E+00  0.00000000000000E+00  0.00000000000000E+00  0.00000000000000E+00  0.00000000000000E+00  0.00000000000000E+00  0.00000000000000E+00
  -0.46957593748302E+05  0.13364632049031E+05 -0.23133505884210E+04 -0.23111501199886E+04  0.63413913570103E+03 -0.13824210058008E+03 -0.35938293412672E+03 -0.16368215467372E+06  0.52306092743226E+05  0.33735943274889E+04 -0.10179171508076E+04 -0.70895615813539E+02 -0.18609080478565E+02 -0.24291182159093E-04 -0.30935206731228E+04  0.33203148279050E+03 -0.28548327306190E+04 -0.14534745045907E+04  0.00000000000000E+00  0.00000000000000E+00  0.00000000000000E+00  0.00000000000000E+00  0.00000000000000E+00  0.00000000000000E+00  0.00000000000000E+00  0.00000000000000E+00  0.00000000000000E+00  0.00000000000000E+00  0.00000000000000E+00  0.00000000000000E+00  0.32690875563909E+05  0.00000000000000E+00  0.00000000000000E+00  0.00000000000000E+00  0.00000000000000E+00  0.00000000000000E+00  0.00000000000000E+00  0.00000000000000E+00  0.00000000000000E+00  0.00000000000000E+00
  -0.30715366934423E+04  0.41817509363729E+03 -0.11879230915688E+03 -0.67500085744188E+02  0.90810805971130E+01 -0.19892155359493E+02 -0.13673400172025E+02 -0.12911044802510E+04  0.16637934485174E+03  0.42147235671612E+02 -0.11131166308669E+02 -0.78235801464920E+02 -0.62755856938884E+01 -0.14932674763705E+00 -0.73267286448919E+03  0.83924139430710E+02 -0.68875973947264E+03 -0.38016468800691E+03  0.00000000000000E+00  0.00000000000000E+00  0.00000000000000E+00  0.00000000000000E+00  0.00000000000000E+00  0.00000000000000E+00  0.00000000000000E+00  0.00000000000000E+00  0.00000000000000E+00  0.00000000000000E+00  0.00000000000000E+00  0.00000000000000E+00  0.00000000000000E+00  0.37802052202677E+04  0.00000000000000E+00  0.00000000000000E+00  0.00000000000000E+00  0.00000000000000E+00  0.00000000000000E+00  0.00000000000000E+00  0.00000000000000E+00  0.00000000000000E+00
  -0.19856282379578E+06  0.63352362600851E+05 -0.99767067337964E+04 -0.10681357455932E+05  0.33017688235117E+04 -0.21436372098011E+03 -0.14234639809086E+04 -0.57324521553363E+04  0.65230152249223E+03  0.56985090399215E+03 -0.50627777855463E+02 -0.19609091107233E+00 -0.14124083869839E+00  0.36979186651233E-13  0.32488512208321E+03 -0.88401707984917E+02  0.10476740761604E+03  0.14814182322433E+03  0.00000000000000E+00  0.00000000000000E+00  0.00000000000000E+00  0.23768517308067E+04  0.34022402805019E+04  0.16155779997662E+05  0.00000000000000E+00  0.00000000000000E+00  0.00000000000000E+00  0.00000000000000E+00  0.00000000000000E+00  0.00000000000000E+00  0.00000000000000E+00  0.00000000000000E+00  0.10554621042650E+06  0.00000000000000E+00  0.00000000000000E+00  0.00000000000000E+00  0.00000000000000E+00  0.00000000000000E+00  0.00000000000000E+00  0.00000000000000E+00
  -0.22149180385939E+06  0.70260916331819E+05 -0.11113809715125E+05 -0.48242538369158E+05  0.14702446787874E+05 -0.11863251207905E+04 -0.65380155583485E+04 -0.11398180068498E+05  0.13275966689864E+04  0.10951243564308E+04 -0.10052634447656E+03  0.62005916486774E-10  0.55715978250728E-11  0.11386404304697E-12  0.58677911866255E+03 -0.15776492790517E+03  0.20836011661773E+03  0.27781551194789E+03  0.75919514198999E+03  0.63718792223316E+04  0.56323858995741E+04  0.29466806374810E+04  0.41064632463717E+04  0.20371263296620E+05  0.00000000000000E+00  0.00000000000000E+00  0.00000000000000E+00  0.00000000000000E+00  0.00000000000000E+00  0.00000000000000E+00  0.00000000000000E+00  0.00000000000000E+00  0.00000000000000E+00  0.13889034794579E+06  0.00000000000000E+00  0.00000000000000E+00  0.00000000000000E+00  0.00000000000000E+00  0.00000000000000E+00  0.00000000000000E+00
  -0.86728401100541E+04  0.23372863802109E+04 -0.41729981225061E+03 -0.22717458942908E+04  0.50346200317126E+03 -0.35261266567107E+03 -0.41579037841455E+03  0.46428753107115E+03 -0.13253810333438E+04  0.12381975019704E+03 -0.13283180169433E+02 -0.17357325014537E+01 -0.18193760771975E+00 -0.18319342478619E-02 -0.30205359599519E+04  0.48347792633908E+03 -0.30519873927475E+04 -0.19764688235740E+04  0.00000000000000E+00  0.00000000000000E+00  0.00000000000000E+00  0.00000000000000E+00  0.00000000000000E+00  0.00000000000000E+00  0.00000000000000E+00  0.00000000000000E+00  0.00000000000000E+00  0.00000000000000E+00  0.00000000000000E+00  0.00000000000000E+00  0.00000000000000E+00  0.00000000000000E+00  0.00000000000000E+00  0.00000000000000E+00  0.82003265030643E+04  0.00000000000000E+00  0.00000000000000E+00  0.00000000000000E+00  0.00000000000000E+00  0.00000000000000E+00
  -0.30717751663426E+04  0.74273885398029E+03 -0.14526266704975E+03 -0.89855489783853E+03  0.18448231426145E+03 -0.16391392617601E+03 -0.17110622384370E+03  0.33689546914316E+03 -0.72246627324112E+03  0.55338837395035E+02 -0.63425529388014E+01 -0.74471926142198E+00 -0.70691906242601E-01 -0.10032605197631E-02 -0.15802700448040E+04  0.23453590202376E+03 -0.16277561897454E+04 -0.10100969278666E+04  0.00000000000000E+00  0.00000000000000E+00  0.00000000000000E+00  0.00000000000000E+00  0.00000000000000E+00  0.00000000000000E+00  0.00000000000000E+00  0.00000000000000E+00  0.00000000000000E+00  0.00000000000000E+00  0.00000000000000E+00  0.00000000000000E+00  0.00000000000000E+00  0.00000000000000E+00  0.00000000000000E+00  0.00000000000000E+00  0.00000000000000E+00  0.42039921553486E+04  0.00000000000000E+00  0.00000000000000E+00  0.00000000000000E+00  0.00000000000000E+00
  -0.15730632630395E+05 -0.22722705373848E+04  0.33512425042553E+02 -0.99904245463657E+04  0.32917881316754E+03 -0.31347696843168E+04 -0.13176950604063E+04 -0.26120248826459E+06  0.11125332042573E+06  0.30709504220876E+04 -0.11706424697212E+04  0.27861930579577E+03  0.27989088873131E+02 -0.17348209662532E+01 -0.21916883609940E+04 -0.35756958215252E+03  0.17547415520032E+04  0.17698431642256E+04  0.00000000000000E+00  0.00000000000000E+00  0.00000000000000E+00  0.00000000000000E+00  0.00000000000000E+00  0.00000000000000E+00  0.00000000000000E+00  0.00000000000000E+00  0.00000000000000E+00  0.00000000000000E+00  0.00000000000000E+00  0.00000000000000E+00  0.00000000000000E+00  0.00000000000000E+00  0.00000000000000E+00  0.00000000000000E+00  0.00000000000000E+00  0.00000000000000E+00  0.12526751829057E+06  0.00000000000000E+00  0.00000000000000E+00  0.00000000000000E+00
   0.16886209873766E+05 -0.22936742946693E+04  0.74447104586959E+03 -0.15891498735110E+05  0.26061962879036E+04 -0.38911260818087E+04 -0.34778850556369E+04 -0.86183092313822E+04  0.15888383013284E+04  0.44103345055497E+03 -0.70716129885186E+02  0.30606944632078E+03  0.68433678268817E+02  0.73676032619244E-04  0.19826856096177E+03 -0.35641346722491E+02  0.28018158206947E+03  0.19105037488154E+03 -0.43538253327675E+02 -0.77986497683414E+03 -0.58255338924065E+03 -0.27443364333534E+02 -0.41908240314248E+02 -0.83669447340806E+02  0.00000000000000E+00  0.00000000000000E+00  0.00000000000000E+00  0.00000000000000E+00  0.00000000000000E+00  0.00000000000000E+00  0.00000000000000E+00  0.00000000000000E+00  0.00000000000000E+00  0.00000000000000E+00  0.00000000000000E+00  0.00000000000000E+00  0.00000000000000E+00  0.39882932521955E+05  0.00000000000000E+00  0.00000000000000E+00
  -0.71101675767433E+05  0.85628666330681E+04 -0.25878435080832E+04 -0.71382463404471E+04  0.85269595477942E+03 -0.19880262901549E+04 -0.12239387633079E+04 -0.13605096678631E+06  0.43928612111253E+05  0.27634037557755E+04 -0.84370320438772E+03 -0.27102874639075E+04 -0.19395936172615E+03 -0.34691144399392E+01 -0.95838317094991E+03  0.27112293210010E+03 -0.19851880293053E+04 -0.13491267139957E+04  0.00000000000000E+00  0.00000000000000E+00  0.00000000000000E+00 -0.35738471446206E+03 -0.20420972719708E+04  0.15616231908798E+04  0.00000000000000E+00  0.00000000000000E+00  0.00000000000000E+00  0.00000000000000E+00  0.00000000000000E+00  0.00000000000000E+00  0.00000000000000E+00  0.00000000000000E+00  0.00000000000000E+00  0.00000000000000E+00  0.00000000000000E+00  0.00000000000000E+00  0.00000000000000E+00  0.00000000000000E+00  0.95487667983736E+05  0.00000000000000E+00
  -0.55866085890351E+05  0.71871850832434E+04 -0.20931296048492E+04 -0.21151810596016E+05  0.26430291753431E+04 -0.57432406727273E+04 -0.36632659307837E+04 -0.16865585582029E+06  0.53924142868197E+05  0.35111626531804E+04 -0.10541927296015E+04  0.27793770790529E-10  0.21326242226374E-11  0.37624907041233E-12 -0.10810392595490E+04  0.30459800163725E+03 -0.22056132267454E+04 -0.15010621432338E+04  0.84500989265243E+02  0.78533320607958E+03  0.27907298557836E+03 -0.37200877768188E+03 -0.21118501760912E+04  0.15963707507166E+04  0.00000000000000E+00  0.00000000000000E+00  0.00000000000000E+00  0.00000000000000E+00  0.00000000000000E+00  0.00000000000000E+00  0.00000000000000E+00  0.00000000000000E+00  0.00000000000000E+00  0.00000000000000E+00  0.00000000000000E+00  0.00000000000000E+00  0.00000000000000E+00  0.00000000000000E+00  0.00000000000000E+00  0.10011678787120E+06

 # Covariance matrix (Bevington epsilon)
