 Correlated errors added in quadrature with statistical errors
 jl00106F2p DIS data with   1.69< Q2 < 0.500D+03 and 0.000 < xB < 1.000 and   3.00< W2 < 0.100D+04 and 0.000 < y < 1.000
   GP TMC applied
   HT corrections, multiplicative C=C(xB)
 Correlated errors added in quadrature with statistical errors
 jl00106F2d DIS data with   1.69< Q2 < 0.500D+03 and 0.000 < xB < 1.000 and   3.00< W2 < 0.100D+04 and 0.000 < y < 1.000
   WBArel smearing  (AV18) - freepar off-shell nuke corrections
   GP TMC applied
   HT corrections, multiplicative C=C(xB)
 Correlated errors added in quadrature with statistical errors
 HerF2pCut  DIS data with   1.69< Q2 < 0.500D+03 and 0.000 < xB < 1.000 and   3.00< W2 < 0.100D+04 and 0.000 < y < 1.000
   GP TMC applied
   HT corrections, multiplicative C=C(xB)
 Correlated errors added in quadrature with statistical errors
 HerF2dCut  DIS data with   1.69< Q2 < 0.500D+03 and 0.000 < xB < 1.000 and   3.00< W2 < 0.100D+04 and 0.000 < y < 1.000
   WBArel smearing  (AV18) - freepar off-shell nuke corrections
   GP TMC applied
   HT corrections, multiplicative C=C(xB)
 Correlated errors added in quadrature with statistical errors
 slac_p     DIS data with   1.69< Q2 < 0.500D+03 and 0.000 < xB < 1.000 and   3.00< W2 < 0.100D+04 and 0.000 < y < 1.000
   GP TMC applied
   HT corrections, multiplicative C=C(xB)
 Correlated errors added in quadrature with statistical errors
 slac_d     DIS data with   1.69< Q2 < 0.500D+03 and 0.000 < xB < 1.000 and   3.00< W2 < 0.100D+04 and 0.000 < y < 1.000
   WBArel smearing  (AV18) - freepar off-shell nuke corrections
   GP TMC applied
   HT corrections, multiplicative C=C(xB)
 Correlated errors treated separately from statistical errors
 BcdF2pCor  DIS data with   1.69< Q2 < 0.500D+03 and 0.000 < xB < 1.000 and   3.00< W2 < 0.100D+04 and 0.000 < y < 1.000
   GP TMC applied
   HT corrections, multiplicative C=C(xB)
 Correlated errors treated separately from statistical errors
 BcdF2dCor  DIS data with   1.69< Q2 < 0.500D+03 and 0.000 < xB < 1.000 and   3.00< W2 < 0.100D+04 and 0.000 < y < 1.000
   WBArel smearing  (AV18) - freepar off-shell nuke corrections
   GP TMC applied
   HT corrections, multiplicative C=C(xB)
 Correlated errors treated separately from statistical errors
 NmcF2pCor  DIS data with   1.69< Q2 < 0.500D+03 and 0.000 < xB < 1.000 and   3.00< W2 < 0.100D+04 and 0.000 < y < 1.000
   GP TMC applied
   HT corrections, multiplicative C=C(xB)
 Correlated errors treated separately from statistical errors
 NmcRatCor  DIS data with   1.69< Q2 < 0.500D+03 and 0.000 < xB < 1.000 and   3.00< W2 < 0.100D+04 and 0.000 < y < 1.000
   WBArel smearing  (AV18) - freepar off-shell nuke corrections
   GP TMC applied
   HT corrections, multiplicative C=C(xB)
 Correlated errors treated separately from statistical errors
 H2_NC_em   DIS data with   1.69< Q2 < 0.100D+06 and 0.000 < xB < 1.000 and   3.00< W2 < 0.100D+08 and 0.000 < y < 1.000
   GP TMC applied
   HT corrections, multiplicative C=C(xB)
 Correlated errors treated separately from statistical errors
 H2_NC_ep_1 DIS data with   1.69< Q2 < 0.100D+06 and 0.000 < xB < 1.000 and   3.00< W2 < 0.100D+08 and 0.000 < y < 1.000
   GP TMC applied
   HT corrections, multiplicative C=C(xB)
 Correlated errors treated separately from statistical errors
 H2_NC_ep_2 DIS data with   1.69< Q2 < 0.100D+06 and 0.000 < xB < 1.000 and   3.00< W2 < 0.100D+08 and 0.000 < y < 1.000
   GP TMC applied
   HT corrections, multiplicative C=C(xB)
 Correlated errors treated separately from statistical errors
 H2_NC_ep_3 DIS data with   1.69< Q2 < 0.100D+06 and 0.000 < xB < 1.000 and   3.00< W2 < 0.100D+08 and 0.000 < y < 1.000
   GP TMC applied
   HT corrections, multiplicative C=C(xB)
 Correlated errors treated separately from statistical errors
 H2_NC_ep_4 DIS data with   1.69< Q2 < 0.100D+06 and 0.000 < xB < 1.000 and   3.00< W2 < 0.100D+08 and 0.000 < y < 1.000
   GP TMC applied
   HT corrections, multiplicative C=C(xB)
 Correlated errors treated separately from statistical errors
 H2_CC_em   DIS data with   1.69< Q2 < 0.100D+06 and 0.000 < xB < 1.000 and   3.00< W2 < 0.100D+08 and 0.000 < y < 1.000
   GP TMC applied
   HT corrections, multiplicative C=C(xB)
 Correlated errors treated separately from statistical errors
 H2_CC_ep   DIS data with   1.69< Q2 < 0.100D+06 and 0.000 < xB < 1.000 and   3.00< W2 < 0.100D+08 and 0.000 < y < 1.000
   GP TMC applied
   HT corrections, multiplicative C=C(xB)
 Correlated errors added in quadrature with statistical errors
 BNS_F2nd   DIS data with   1.69< Q2 < 0.100D+06 and 0.000 < xB < 1.000 and   3.00< W2 < 0.100D+08 and 0.000 < y < 1.000
   WBArel smearing  (AV18) - freepar off-shell nuke corrections
   GP TMC applied
   HT corrections, multiplicative C=C(xB)
 Correlated errors added in quadrature with statistical errors
 e866pp06xf vector boson data with Q2 >=  36.00
 Correlated errors added in quadrature with statistical errors
 e866pd06xf vector boson data with Q2 >=  36.00
 Correlated errors added in quadrature with statistical errors
 cdfLasy05  vector boson data with Q2 >=   0.00
 Correlated errors added in quadrature with statistical errors
 d0Lasy_e15 vector boson data with Q2 >=   0.00
 Correlated errors added in quadrature with statistical errors
 d0Lasy13   vector boson data with Q2 >=   0.00
 Correlated errors added in quadrature with statistical errors
 CDF_Z      vector boson data with Q2 >=   0.00
 Correlated errors added in quadrature with statistical errors
 D0_Z       vector boson data with Q2 >=   0.00
 Correlated errors added in quadrature with statistical errors
 d0run2coneJet data - errors added in quadrature
 Correlated errors added in quadrature with statistical errors
 CDFrun2jetJet data - errors added in quadrature
 Correlated errors added in quadrature with statistical errors
 d0_gamjet1 Photon data -- cuts to be written yet ...
 Correlated errors added in quadrature with statistical errors
 d0_gamjet2 Photon data -- cuts to be written yet ...
 Correlated errors added in quadrature with statistical errors
 d0_gamjet3 Photon data -- cuts to be written yet ...
 Correlated errors added in quadrature with statistical errors
 d0_gamjet4 Photon data -- cuts to be written yet ...

# fitpack15: fit output
# CJ15 AV18 final data choices                                                 

Parametrization   7 used here

 S-ACOT scheme used  for NC DIS

 charm mass =     1.30 GeV     bottom mass =     4.50 GeV



 THIS IS A NEXT TO LEADING ORDER FIT

 Q02=    1.69
         1  LAMBDA      VALUE=   0.22680      WEIGHT=    0.0000    
         2  a0uv        VALUE=    2.4067      WEIGHT=    0.0000    
         3  a1uv        VALUE=   0.61537      WEIGHT=   0.19856E-01
         4  a2uv        VALUE=    3.5433      WEIGHT=   0.12414E-01
         5  a3uv        VALUE=    0.0000      WEIGHT=    0.0000    
         6  a4uv        VALUE=    3.4609      WEIGHT=   0.42903    
         7  a5uv        VALUE=    0.0000      WEIGHT=    0.0000    
         8  a0dv        VALUE=    24.684      WEIGHT=    0.0000    
         9  a1dv        VALUE=    1.1595      WEIGHT=   0.33533E-01
        10  a2dv        VALUE=    6.5514      WEIGHT=   0.15936    
        11  a3dv        VALUE=   -3.5030      WEIGHT=   0.86332E-01
        12  a4dv        VALUE=    4.6787      WEIGHT=   0.14209    
        13  a5dv        VALUE=    0.0000      WEIGHT=    0.0000    
        14  a0ud        VALUE=   0.14658      WEIGHT=   0.50348E-02
        15  a1ud        VALUE=  -0.20775      WEIGHT=   0.37551E-02
        16  a2ud        VALUE=    8.3286      WEIGHT=   0.19114    
        17  a3ud        VALUE=    0.0000      WEIGHT=    0.0000    
        18  a4ud        VALUE=    14.606      WEIGHT=    1.2151    
        19  a5ud        VALUE=    0.0000      WEIGHT=    0.0000    
        20  a0du        VALUE=    35712.      WEIGHT=    0.0000    
        21  a1du        VALUE=    4.0249      WEIGHT=   0.74070E-01
        22  a2du        VALUE=    20.154      WEIGHT=   0.87862    
        23  a3du        VALUE=    17.000      WEIGHT=    0.0000    
        24  a4du        VALUE=    51.156      WEIGHT=    10.239    
        25  a0g         VALUE=    45.541      WEIGHT=    0.0000    
        26  a1g         VALUE=   0.60307      WEIGHT=   0.31164E-01
        27  a2g         VALUE=    6.4812      WEIGHT=   0.96748    
        28  a3g         VALUE=   -3.3064      WEIGHT=   0.13418    
        29  a4g         VALUE=    3.1721      WEIGHT=   0.31376    
        30  a5g         VALUE=    0.0000      WEIGHT=    0.0000    
        31  kappa       VALUE=   0.40000      WEIGHT=    0.0000    
        32  a6dv        VALUE=  -0.36005E-02  WEIGHT=   0.66324E-03
        33  a7dv        VALUE=    2.0000      WEIGHT=    0.0000    
        34  off1        VALUE=    3.5009      WEIGHT=    1.4769    
        35  off2        VALUE=   0.56166E-01  WEIGHT=   0.58667E-01
        36  off3        VALUE=   0.35901      WEIGHT=   0.10000    
        37  off4        VALUE=    1.0562      WEIGHT=   0.10000    
        38  ht1         VALUE=   -3.2874      WEIGHT=   0.26061    
        39  ht2         VALUE=    1.9274      WEIGHT=   0.10524    
        40  ht3         VALUE=   -2.0701      WEIGHT=   0.19888E-01
        41  ht4         VALUE=    0.0000      WEIGHT=    0.0000    
        42  dummy42     VALUE=    0.0000      WEIGHT=    0.0000    
        43  dummy43     VALUE=    0.0000      WEIGHT=    0.0000    
        44  dummy44     VALUE=    0.0000      WEIGHT=    0.0000    
        45  dummy45     VALUE=    0.0000      WEIGHT=    0.0000    
        46  dummy46     VALUE=    0.0000      WEIGHT=    0.0000    
        47  dummy47     VALUE=    0.0000      WEIGHT=    0.0000    
        48  dummy48     VALUE=    0.0000      WEIGHT=    0.0000    
        49  dummy49     VALUE=    0.0000      WEIGHT=    0.0000    
        50  bcdmsh2     VALUE=   0.97307      WEIGHT=   0.48289E-02
        51  bcdmsd2     VALUE=   0.99317      WEIGHT=   0.58269E-02
        52  ccfr        VALUE=    1.0000      WEIGHT=    0.0000    
        53  nutev       VALUE=    1.0000      WEIGHT=    0.0000    
        54  zeus        VALUE=   0.97998      WEIGHT=    0.0000    
        55  h1          VALUE=    1.0162      WEIGHT=    0.0000    
        56  e605        VALUE=    1.0319      WEIGHT=    0.0000    
        57  NmcH2       VALUE=    1.0095      WEIGHT=   0.71247E-02
        58  ntv_nu      VALUE=    1.0000      WEIGHT=    0.0000    
        59  ntv_nuba    VALUE=    1.0000      WEIGHT=    0.0000    
        60  cdf_jet     VALUE=   0.98910      WEIGHT=    0.0000    
        61  d0_jet      VALUE=   0.83504      WEIGHT=    0.0000    
        62  slac_p      VALUE=    1.0049      WEIGHT=   0.48124E-02
        63  slac_d      VALUE=    1.0042      WEIGHT=   0.52781E-02
        64  e866pp      VALUE=   0.96586      WEIGHT=   0.19263E-01
        65  e866pd      VALUE=   0.96369      WEIGHT=   0.15783E-01
        66  d0_gamje    VALUE=    1.0389      WEIGHT=   0.16474E-01
        67  h1b         VALUE=   0.97608      WEIGHT=    0.0000    
        68  jlab_p      VALUE=   0.99446      WEIGHT=   0.57943E-02
        69  jlab_d      VALUE=   0.97557      WEIGHT=   0.59019E-02
        70  blank       VALUE=    1.0000      WEIGHT=    0.0000    
        71  d0run2      VALUE=   0.94087      WEIGHT=   0.14167E-01
        72  cdfrun2     VALUE=   0.92649      WEIGHT=   0.17233E-01
        73  HERA_el     VALUE=    1.0000      WEIGHT=    0.0000    
        74  HERA_ps     VALUE=    1.0000      WEIGHT=    0.0000    
        75  CDF_Z       VALUE=   0.96581      WEIGHT=   0.64944E-02
        76  NmcRat      VALUE=    1.0000      WEIGHT=    0.0000    
        77  BNS_F2nd    VALUE=   0.98310      WEIGHT=   0.68314E-02
        78  HERMES_F    VALUE=   0.99832      WEIGHT=   0.55693E-02
        79  HERMES_F    VALUE=   0.98039      WEIGHT=   0.58259E-02
0THE TOLERANCE IS    0.5000
 THE MAXIMUM NUMBER OF STEPS IS 100
0THE INITIAL CHI SQUARED IS  4.67818E+03
0  STEP  CHI SQUARED    PARAMETER      VALUE         ERROR
 ------------------------------------------------------------
     1    4.67246E+03
                       1  LAMBDA     2.2680E-01       FIX 
                       2  a0uv       2.4070E+00       FIX 
                       3  a1uv       6.1532E-01           
                       4  a2uv       3.5443E+00           
                       5  a3uv       0.0000E+00       FIX 
                       6  a4uv       3.4603E+00           
                       7  a5uv       0.0000E+00       FIX 
                       8  a0dv       2.4786E+01       FIX 
                       9  a1dv       1.1585E+00           
                      10  a2dv       6.5595E+00           
                      11  a3dv      -3.5076E+00           
                      12  a4dv       4.6732E+00           
                      13  a5dv       0.0000E+00       FIX 
                      14  a0ud       1.4642E-01           
                      15  a1ud      -2.0782E-01           
                      16  a2ud       8.3228E+00           
                      17  a3ud       0.0000E+00       FIX 
                      18  a4ud       1.4572E+01           
                      19  a5ud       0.0000E+00       FIX 
                      20  a0du       3.5712E+04       FIX 
                      21  a1du       4.0304E+00           
                      22  a2du       2.0238E+01           
                      23  a3du       1.7000E+01       FIX 
                      24  a4du       5.1218E+01           
                      25  a0g        4.5609E+01       FIX 
                      26  a1g        6.0372E-01           
                      27  a2g        6.4675E+00           
                      28  a3g       -3.3070E+00           
                      29  a4g        3.1741E+00           
                      30  a5g        0.0000E+00       FIX 
                      31  kappa      4.0000E-01       FIX 
                      32  a6dv      -3.4512E-03           
                      33  a7dv       2.0000E+00       FIX 
                      34  off1       3.6343E+00           
                      35  off2       8.2611E-02           
                      36  off3       2.9510E-01           
                      37  off4       1.0146E+00           
                      38  ht1       -3.3065E+00           
                      39  ht2        1.9216E+00           
                      40  ht3       -2.0837E+00           
                      41  ht4        0.0000E+00       FIX 
                      42  dummy42    0.0000E+00       FIX 
                      43  dummy43    0.0000E+00       FIX 
                      44  dummy44    0.0000E+00       FIX 
                      45  dummy45    0.0000E+00       FIX 
                      46  dummy46    0.0000E+00       FIX 
                      47  dummy47    0.0000E+00       FIX 
                      48  dummy48    0.0000E+00       FIX 
                      49  dummy49    0.0000E+00       FIX 
                      50  bcdmsh2    9.7260E-01           
                      51  bcdmsd2    9.9292E-01           
                      52  ccfr       1.0000E+00       FIX 
                      53  nutev      1.0000E+00       FIX 
                      54  zeus       9.7998E-01       FIX 
                      55  h1         1.0162E+00       FIX 
                      56  e605       1.0319E+00       FIX 
                      57  NmcH2      1.0095E+00           
                      58  ntv_nu     1.0000E+00       FIX 
                      59  ntv_nuba   1.0000E+00       FIX 
                      60  cdf_jet    9.8910E-01       FIX 
                      61  d0_jet     8.3504E-01       FIX 
                      62  slac_p     1.0048E+00           
                      63  slac_d     1.0040E+00           
                      64  e866pp     9.6582E-01           
                      65  e866pd     9.6279E-01           
                      66  d0_gamje   1.0393E+00           
                      67  h1b        9.7608E-01       FIX 
                      68  jlab_p     9.9567E-01           
                      69  jlab_d     9.7631E-01           
                      70  blank      1.0000E+00       FIX 
                      71  d0run2     9.4010E-01           
                      72  cdfrun2    9.2620E-01           
                      73  HERA_el    1.0000E+00       FIX 
                      74  HERA_ps    1.0000E+00       FIX 
                      75  CDF_Z      9.6515E-01           
                      76  NmcRat     1.0000E+00       FIX 
                      77  BNS_F2nd   9.7981E-01           
                      78  HERMES_F   9.9797E-01           
                      79  HERMES_F   9.8042E-01           
 ------------------------------------------------------------
     2    4.67104E+03
                       1  LAMBDA     2.2680E-01       FIX 
                       2  a0uv       2.4069E+00       FIX 
                       3  a1uv       6.1527E-01           
                       4  a2uv       3.5448E+00           
                       5  a3uv       0.0000E+00       FIX 
                       6  a4uv       3.4600E+00           
                       7  a5uv       0.0000E+00       FIX 
                       8  a0dv       2.4802E+01       FIX 
                       9  a1dv       1.1584E+00           
                      10  a2dv       6.5657E+00           
                      11  a3dv      -3.5072E+00           
                      12  a4dv       4.6723E+00           
                      13  a5dv       0.0000E+00       FIX 
                      14  a0ud       1.4628E-01           
                      15  a1ud      -2.0792E-01           
                      16  a2ud       8.3185E+00           
                      17  a3ud       0.0000E+00       FIX 
                      18  a4ud       1.4539E+01           
                      19  a5ud       0.0000E+00       FIX 
                      20  a0du       3.5712E+04       FIX 
                      21  a1du       4.0320E+00           
                      22  a2du       2.0265E+01           
                      23  a3du       1.7000E+01       FIX 
                      24  a4du       5.2094E+01           
                      25  a0g        4.5563E+01       FIX 
                      26  a1g        6.0349E-01           
                      27  a2g        6.4521E+00           
                      28  a3g       -3.3083E+00           
                      29  a4g        3.1759E+00           
                      30  a5g        0.0000E+00       FIX 
                      31  kappa      4.0000E-01       FIX 
                      32  a6dv      -3.3421E-03           
                      33  a7dv       2.0000E+00       FIX 
                      34  off1       3.9657E+00           
                      35  off2       1.0165E-01           
                      36  off3       2.4723E-01           
                      37  off4       9.9299E-01           
                      38  ht1       -3.3120E+00           
                      39  ht2        1.9216E+00           
                      40  ht3       -2.0889E+00           
                      41  ht4        0.0000E+00       FIX 
                      42  dummy42    0.0000E+00       FIX 
                      43  dummy43    0.0000E+00       FIX 
                      44  dummy44    0.0000E+00       FIX 
                      45  dummy45    0.0000E+00       FIX 
                      46  dummy46    0.0000E+00       FIX 
                      47  dummy47    0.0000E+00       FIX 
                      48  dummy48    0.0000E+00       FIX 
                      49  dummy49    0.0000E+00       FIX 
                      50  bcdmsh2    9.7229E-01           
                      51  bcdmsd2    9.9291E-01           
                      52  ccfr       1.0000E+00       FIX 
                      53  nutev      1.0000E+00       FIX 
                      54  zeus       9.7998E-01       FIX 
                      55  h1         1.0162E+00       FIX 
                      56  e605       1.0319E+00       FIX 
                      57  NmcH2      1.0093E+00           
                      58  ntv_nu     1.0000E+00       FIX 
                      59  ntv_nuba   1.0000E+00       FIX 
                      60  cdf_jet    9.8910E-01       FIX 
                      61  d0_jet     8.3504E-01       FIX 
                      62  slac_p     1.0046E+00           
                      63  slac_d     1.0042E+00           
                      64  e866pp     9.6517E-01           
                      65  e866pd     9.6129E-01           
                      66  d0_gamje   1.0395E+00           
                      67  h1b        9.7608E-01       FIX 
                      68  jlab_p     9.9584E-01           
                      69  jlab_d     9.7684E-01           
                      70  blank      1.0000E+00       FIX 
                      71  d0run2     9.3988E-01           
                      72  cdfrun2    9.2628E-01           
                      73  HERA_el    1.0000E+00       FIX 
                      74  HERA_ps    1.0000E+00       FIX 
                      75  CDF_Z      9.6464E-01           
                      76  NmcRat     1.0000E+00       FIX 
                      77  BNS_F2nd   9.7799E-01           
                      78  HERMES_F   9.9770E-01           
                      79  HERMES_F   9.8041E-01           
 ------------------------------------------------------------
     3    4.67036E+03
                       1  LAMBDA     2.2680E-01       FIX 
                       2  a0uv       2.4068E+00       FIX 
                       3  a1uv       6.1523E-01           
                       4  a2uv       3.5450E+00           
                       5  a3uv       0.0000E+00       FIX 
                       6  a4uv       3.4601E+00           
                       7  a5uv       0.0000E+00       FIX 
                       8  a0dv       2.4818E+01       FIX 
                       9  a1dv       1.1584E+00           
                      10  a2dv       6.5708E+00           
                      11  a3dv      -3.5063E+00           
                      12  a4dv       4.6715E+00           
                      13  a5dv       0.0000E+00       FIX 
                      14  a0ud       1.4618E-01           
                      15  a1ud      -2.0800E-01           
                      16  a2ud       8.3163E+00           
                      17  a3ud       0.0000E+00       FIX 
                      18  a4ud       1.4510E+01           
                      19  a5ud       0.0000E+00       FIX 
                      20  a0du       3.5712E+04       FIX 
                      21  a1du       4.0331E+00           
                      22  a2du       2.0280E+01           
                      23  a3du       1.7000E+01       FIX 
                      24  a4du       5.2578E+01           
                      25  a0g        4.5513E+01       FIX 
                      26  a1g        6.0323E-01           
                      27  a2g        6.4365E+00           
                      28  a3g       -3.3098E+00           
                      29  a4g        3.1777E+00           
                      30  a5g        0.0000E+00       FIX 
                      31  kappa      4.0000E-01       FIX 
                      32  a6dv      -3.2635E-03           
                      33  a7dv       2.0000E+00       FIX 
                      34  off1       4.2957E+00           
                      35  off2       1.1671E-01           
                      36  off3       2.1476E-01           
                      37  off4       9.7443E-01           
                      38  ht1       -3.3162E+00           
                      39  ht2        1.9223E+00           
                      40  ht3       -2.0911E+00           
                      41  ht4        0.0000E+00       FIX 
                      42  dummy42    0.0000E+00       FIX 
                      43  dummy43    0.0000E+00       FIX 
                      44  dummy44    0.0000E+00       FIX 
                      45  dummy45    0.0000E+00       FIX 
                      46  dummy46    0.0000E+00       FIX 
                      47  dummy47    0.0000E+00       FIX 
                      48  dummy48    0.0000E+00       FIX 
                      49  dummy49    0.0000E+00       FIX 
                      50  bcdmsh2    9.7209E-01           
                      51  bcdmsd2    9.9297E-01           
                      52  ccfr       1.0000E+00       FIX 
                      53  nutev      1.0000E+00       FIX 
                      54  zeus       9.7998E-01       FIX 
                      55  h1         1.0162E+00       FIX 
                      56  e605       1.0319E+00       FIX 
                      57  NmcH2      1.0092E+00           
                      58  ntv_nu     1.0000E+00       FIX 
                      59  ntv_nuba   1.0000E+00       FIX 
                      60  cdf_jet    9.8910E-01       FIX 
                      61  d0_jet     8.3504E-01       FIX 
                      62  slac_p     1.0043E+00           
                      63  slac_d     1.0043E+00           
                      64  e866pp     9.6446E-01           
                      65  e866pd     9.5997E-01           
                      66  d0_gamje   1.0396E+00           
                      67  h1b        9.7608E-01       FIX 
                      68  jlab_p     9.9575E-01           
                      69  jlab_d     9.7713E-01           
                      70  blank      1.0000E+00       FIX 
                      71  d0run2     9.3991E-01           
                      72  cdfrun2    9.2647E-01           
                      73  HERA_el    1.0000E+00       FIX 
                      74  HERA_ps    1.0000E+00       FIX 
                      75  CDF_Z      9.6422E-01           
                      76  NmcRat     1.0000E+00       FIX 
                      77  BNS_F2nd   9.7678E-01           
                      78  HERMES_F   9.9746E-01           
                      79  HERMES_F   9.8040E-01           
 ------------------------------------------------------------
     4    4.66993E+03
                       1  LAMBDA     2.2680E-01    0.0000E+00
                       2  a0uv       2.4065E+00    0.0000E+00
                       3  a1uv       6.1519E-01    2.5759E-02
                       4  a2uv       3.5452E+00    1.6961E-02
                       5  a3uv       0.0000E+00    0.0000E+00
                       6  a4uv       3.4604E+00    5.7946E-01
                       7  a5uv       0.0000E+00    0.0000E+00
                       8  a0dv       2.4838E+01    0.0000E+00
                       9  a1dv       1.1585E+00    4.1137E-02
                      10  a2dv       6.5750E+00    2.5113E-01
                      11  a3dv      -3.5056E+00    1.0606E-01
                      12  a4dv       4.6707E+00    1.9828E-01
                      13  a5dv       0.0000E+00    0.0000E+00
                      14  a0ud       1.4611E-01    5.4773E-03
                      15  a1ud      -2.0806E-01    4.0367E-03
                      16  a2ud       8.3151E+00    2.2100E-01
                      17  a3ud       0.0000E+00    0.0000E+00
                      18  a4ud       1.4486E+01    1.5037E+00
                      19  a5ud       0.0000E+00    0.0000E+00
                      20  a0du       3.5712E+04    0.0000E+00
                      21  a1du       4.0341E+00    8.7511E-02
                      22  a2du       2.0284E+01    9.8233E-01
                      23  a3du       1.7000E+01    0.0000E+00
                      24  a4du       5.2876E+01    1.3124E+01
                      25  a0g        4.5479E+01    0.0000E+00
                      26  a1g        6.0304E-01    3.1758E-02
                      27  a2g        6.4215E+00    1.0315E+00
                      28  a3g       -3.3114E+00    1.4044E-01
                      29  a4g        3.1792E+00    3.2146E-01
                      30  a5g        0.0000E+00    0.0000E+00
                      31  kappa      4.0000E-01    0.0000E+00
                      32  a6dv      -3.2088E-03    2.2328E-03
                      33  a7dv       2.0000E+00    0.0000E+00
                      34  off1       4.6183E+00    6.4068E+00
                      35  off2       1.2834E-01    4.0817E-01
                      36  off3       1.9238E-01    4.4193E-01
                      37  off4       9.5715E-01    5.6132E-01
                      38  ht1       -3.3200E+00    2.8268E-01
                      39  ht2        1.9235E+00    1.1640E-01
                      40  ht3       -2.0921E+00    2.8878E-02
                      41  ht4        0.0000E+00    0.0000E+00
                      42  dummy42    0.0000E+00    0.0000E+00
                      43  dummy43    0.0000E+00    0.0000E+00
                      44  dummy44    0.0000E+00    0.0000E+00
                      45  dummy45    0.0000E+00    0.0000E+00
                      46  dummy46    0.0000E+00    0.0000E+00
                      47  dummy47    0.0000E+00    0.0000E+00
                      48  dummy48    0.0000E+00    0.0000E+00
                      49  dummy49    0.0000E+00    0.0000E+00
                      50  bcdmsh2    9.7195E-01    4.8820E-03
                      51  bcdmsd2    9.9299E-01    5.8617E-03
                      52  ccfr       1.0000E+00    0.0000E+00
                      53  nutev      1.0000E+00    0.0000E+00
                      54  zeus       9.7998E-01    0.0000E+00
                      55  h1         1.0162E+00    0.0000E+00
                      56  e605       1.0319E+00    0.0000E+00
                      57  NmcH2      1.0090E+00    7.1667E-03
                      58  ntv_nu     1.0000E+00    0.0000E+00
                      59  ntv_nuba   1.0000E+00    0.0000E+00
                      60  cdf_jet    9.8910E-01    0.0000E+00
                      61  d0_jet     8.3504E-01    0.0000E+00
                      62  slac_p     1.0041E+00    4.8887E-03
                      63  slac_d     1.0044E+00    5.3491E-03
                      64  e866pp     9.6380E-01    2.1998E-02
                      65  e866pd     9.5896E-01    1.9425E-02
                      66  d0_gamje   1.0397E+00    1.6576E-02
                      67  h1b        9.7608E-01    0.0000E+00
                      68  jlab_p     9.9561E-01    5.8948E-03
                      69  jlab_d     9.7725E-01    6.0316E-03
                      70  blank      1.0000E+00    0.0000E+00
                      71  d0run2     9.4007E-01    1.4724E-02
                      72  cdfrun2    9.2672E-01    1.7452E-02
                      73  HERA_el    1.0000E+00    0.0000E+00
                      74  HERA_ps    1.0000E+00    0.0000E+00
                      75  CDF_Z      9.6389E-01    6.9009E-03
                      76  NmcRat     1.0000E+00    0.0000E+00
                      77  BNS_F2nd   9.7596E-01    8.9452E-03
                      78  HERMES_F   9.9728E-01    5.6273E-03
                      79  HERMES_F   9.8034E-01    5.8679E-03
0 MINIMIZATION TERMINATED WITH STEP  4
  TOLERANCE CRITERION      SATISFIED
0 CHI SQUARED PER DEGREE OF FREEDOM IS  1.044E+00
   1.000 -0.477 -0.982  0.364 -0.038  0.077 -0.428  0.545  0.488 -0.487 -0.631 -0.161 -0.400 -0.077  0.191  0.017  0.007 -0.058  0.133 -0.157  0.066 -0.029  0.114  0.086 -0.223  0.012  0.217  0.179  0.076  0.180  0.166 -0.562 -0.339  0.092  0.089  0.141 -0.079 -0.080  0.375  0.076  0.164  0.148
  -0.477  1.000  0.608  0.291  0.559 -0.302  0.319 -0.216 -0.209  0.374  0.279  0.334  0.116  0.285  0.049  0.179 -0.011  0.132 -0.578  0.269  0.157 -0.195 -0.415 -0.300  0.198  0.141  0.109  0.069  0.049  0.036  0.037  0.313  0.020  0.011  0.111  0.077 -0.009 -0.003 -0.153 -0.277  0.059  0.049
  -0.982  0.608  1.000 -0.271  0.130 -0.113  0.440 -0.523 -0.475  0.530  0.638  0.207  0.400  0.135 -0.152  0.040  0.007  0.073 -0.191  0.196 -0.038  0.000 -0.167 -0.137  0.242  0.045 -0.111 -0.102 -0.021 -0.076 -0.076  0.609  0.352 -0.074  0.003 -0.063  0.040  0.049 -0.319 -0.119 -0.073 -0.066
   0.364  0.291 -0.271  1.000  0.755 -0.615 -0.003  0.230  0.180 -0.218 -0.336  0.330 -0.299  0.228  0.378  0.228 -0.225  0.249 -0.330  0.051  0.232 -0.232 -0.248 -0.127  0.005  0.110  0.242  0.194  0.086  0.208  0.156 -0.108 -0.269  0.077  0.159  0.082  0.003 -0.024  0.140 -0.169  0.204  0.163
  -0.038  0.559  0.130  0.755  1.000 -0.828  0.562 -0.104 -0.119  0.166  0.111  0.170 -0.068  0.235  0.258  0.195 -0.270  0.291 -0.711  0.470  0.038 -0.087 -0.657  0.048 -0.151 -0.014  0.123  0.109  0.106  0.058  0.047  0.072 -0.043  0.020  0.048 -0.036  0.056  0.012  0.048 -0.190  0.089  0.072
   0.077 -0.302 -0.113 -0.615 -0.828  1.000 -0.736  0.255  0.253 -0.162 -0.261  0.029  0.071 -0.161 -0.213 -0.205  0.268 -0.302  0.443 -0.304  0.118 -0.119  0.391  0.048  0.047 -0.046 -0.058 -0.059 -0.139 -0.017 -0.019 -0.081 -0.131  0.027 -0.006  0.066 -0.041 -0.008 -0.094 -0.113 -0.074 -0.065
  -0.428  0.319  0.440 -0.003  0.562 -0.736  1.000 -0.493 -0.455  0.550  0.675 -0.289  0.244  0.006 -0.025  0.091 -0.138  0.167 -0.421  0.494 -0.358  0.331 -0.449  0.084 -0.136 -0.021 -0.025 -0.012  0.144 -0.057 -0.024  0.253  0.409 -0.081 -0.038 -0.091  0.010 -0.005  0.064  0.186 -0.002  0.014
   0.545 -0.216 -0.523  0.230 -0.104  0.255 -0.493  1.000  0.971 -0.515 -0.811  0.086 -0.243 -0.114 -0.042 -0.057  0.183 -0.169  0.092 -0.217  0.127 -0.126  0.139 -0.032 -0.029  0.038  0.199  0.162  0.098  0.183  0.153 -0.227 -0.210  0.101  0.123  0.139  0.022  0.014  0.282 -0.034  0.163  0.137
   0.488 -0.209 -0.475  0.180 -0.119  0.253 -0.455  0.971  1.000 -0.468 -0.762  0.068 -0.213 -0.113 -0.147 -0.117  0.213 -0.214  0.091 -0.208  0.118 -0.118  0.137 -0.024 -0.028  0.019  0.154  0.125  0.082  0.133  0.108 -0.224 -0.206  0.089  0.087  0.103  0.038  0.025  0.228 -0.032  0.119  0.097
  -0.487  0.374  0.530 -0.218  0.166 -0.162  0.550 -0.515 -0.468  1.000  0.810 -0.262  0.523 -0.092 -0.103 -0.116 -0.198  0.091 -0.098  0.219 -0.183  0.097 -0.152  0.115 -0.050 -0.137 -0.036 -0.020  0.068 -0.018  0.012  0.212  0.230 -0.043  0.038 -0.005  0.078  0.044 -0.072 -0.093  0.011  0.040
  -0.631  0.279  0.638 -0.336  0.111 -0.261  0.675 -0.811 -0.762  0.810  1.000 -0.301  0.422 -0.125 -0.092 -0.043 -0.099  0.036 -0.101  0.296 -0.376  0.321 -0.178  0.114 -0.084 -0.053 -0.003 -0.001  0.113  0.044  0.075  0.427  0.564 -0.113  0.067  0.048 -0.066 -0.067  0.041  0.140  0.062  0.095
  -0.161  0.334  0.207  0.330  0.170  0.029 -0.289  0.086  0.068 -0.262 -0.301  1.000 -0.420  0.464  0.123  0.059 -0.100  0.115 -0.091 -0.112  0.548 -0.477  0.019 -0.148  0.186  0.027  0.026  0.057 -0.021  0.044  0.018  0.281 -0.298  0.069  0.077  0.011  0.089  0.069 -0.318 -0.310  0.052 -0.004
  -0.400  0.116  0.400 -0.299 -0.068  0.071  0.244 -0.243 -0.213  0.523  0.422 -0.420  1.000  0.071 -0.239 -0.125  0.126 -0.141  0.027 -0.056  0.094 -0.148  0.057  0.128 -0.111 -0.071  0.026  0.010  0.040  0.021  0.003  0.305  0.176 -0.011  0.050 -0.010 -0.032 -0.021 -0.107 -0.202 -0.006  0.002
  -0.077  0.285  0.135  0.228  0.235 -0.161  0.006 -0.114 -0.113 -0.092 -0.125  0.464  0.071  1.000  0.081  0.202 -0.151  0.265 -0.105  0.094  0.608 -0.482 -0.103 -0.131  0.168  0.048  0.117  0.107  0.132  0.111  0.073  0.227 -0.279  0.096  0.106  0.052  0.069  0.065 -0.345 -0.389  0.107  0.070
   0.191  0.049 -0.152  0.378  0.258 -0.213 -0.025 -0.042 -0.147 -0.103 -0.092  0.123 -0.239  0.081  1.000  0.678 -0.629  0.790 -0.088  0.080  0.022 -0.017 -0.120 -0.050  0.090  0.078  0.117  0.096 -0.042  0.149  0.136 -0.108 -0.110  0.043  0.090  0.095 -0.008  0.013  0.092 -0.025  0.141  0.130
   0.017  0.179  0.040  0.228  0.195 -0.205  0.091 -0.057 -0.117 -0.116 -0.043  0.059 -0.125  0.202  0.678  1.000 -0.119  0.685 -0.098  0.108 -0.001  0.039 -0.118 -0.326  0.384  0.391  0.153  0.106  0.044  0.242  0.213  0.041  0.036  0.035  0.153  0.158 -0.266 -0.122  0.083  0.056  0.211  0.196
   0.007 -0.011  0.007 -0.225 -0.270  0.268 -0.138  0.183  0.213 -0.198 -0.099 -0.100  0.126 -0.151 -0.629 -0.119  1.000 -0.785  0.101 -0.158 -0.061  0.086  0.173 -0.242  0.103  0.364  0.148  0.082  0.131  0.183  0.140  0.183  0.241 -0.019  0.150  0.136 -0.433 -0.296  0.245  0.171  0.112  0.091
  -0.058  0.132  0.073  0.249  0.291 -0.302  0.167 -0.169 -0.214  0.091  0.036  0.115 -0.141  0.265  0.790  0.685 -0.785  1.000 -0.131  0.176  0.075 -0.070 -0.192 -0.045  0.216 -0.043 -0.094 -0.058 -0.108 -0.071 -0.049 -0.136 -0.210  0.036 -0.081 -0.066  0.203  0.188 -0.235 -0.124 -0.027 -0.016
   0.133 -0.578 -0.191 -0.330 -0.711  0.443 -0.421  0.092  0.091 -0.098 -0.101 -0.091  0.027 -0.105 -0.088 -0.098  0.101 -0.131  1.000 -0.444 -0.043  0.104  0.764 -0.247  0.252  0.166  0.031 -0.007 -0.021  0.069  0.057 -0.064  0.000  0.015  0.077  0.080 -0.105 -0.041  0.035  0.135  0.046  0.039
  -0.157  0.269  0.196  0.051  0.470 -0.304  0.494 -0.217 -0.208  0.219  0.296 -0.112 -0.056  0.094  0.080  0.108 -0.158  0.176 -0.444  1.000 -0.384  0.335 -0.882  0.063 -0.061  0.015  0.044  0.039  0.094  0.028  0.097  0.079  0.205 -0.028 -0.031  0.089 -0.005 -0.014  0.086 -0.092  0.060  0.074
   0.066  0.157 -0.038  0.232  0.038  0.118 -0.358  0.127  0.118 -0.183 -0.376  0.548  0.094  0.608  0.022 -0.001 -0.061  0.075 -0.043 -0.384  1.000 -0.957  0.188 -0.033  0.060 -0.073 -0.038  0.171 -0.058 -0.067  0.078  0.034 -0.529  0.107 -0.006  0.052  0.133  0.107 -0.421 -0.563 -0.066  0.056
  -0.029 -0.195  0.000 -0.232 -0.087 -0.119  0.331 -0.126 -0.118  0.097  0.321 -0.477 -0.148 -0.482 -0.017  0.039  0.086 -0.070  0.104  0.335 -0.957  1.000 -0.096 -0.005 -0.021  0.104  0.073 -0.196  0.079  0.114 -0.108 -0.013  0.505 -0.097  0.045 -0.077 -0.150 -0.116  0.403  0.656  0.097 -0.070
   0.114 -0.415 -0.167 -0.248 -0.657  0.391 -0.449  0.139  0.137 -0.152 -0.178  0.019  0.057 -0.103 -0.120 -0.118  0.173 -0.192  0.764 -0.882  0.188 -0.096  1.000 -0.135  0.138  0.064 -0.004 -0.051 -0.054  0.015 -0.049 -0.039 -0.080  0.016  0.049 -0.031 -0.062 -0.021 -0.030  0.199 -0.012 -0.040
   0.086 -0.300 -0.137 -0.127  0.048  0.048  0.084 -0.032 -0.024  0.115  0.114 -0.148  0.128 -0.131 -0.050 -0.326 -0.242 -0.045 -0.247  0.063 -0.033 -0.005 -0.135  1.000 -0.837 -0.595 -0.070 -0.036  0.022 -0.086 -0.081  0.005  0.077 -0.019 -0.170 -0.188  0.191  0.082  0.055 -0.039 -0.085 -0.075
  -0.223  0.198  0.242  0.005 -0.151  0.047 -0.136 -0.029 -0.028 -0.050 -0.084  0.186 -0.111  0.168  0.090  0.384  0.103  0.216  0.252 -0.061  0.060 -0.021  0.138 -0.837  1.000  0.355 -0.084 -0.082 -0.110  0.074  0.072 -0.027 -0.144  0.017  0.081  0.131 -0.050  0.032 -0.256 -0.006  0.043  0.033
   0.012  0.141  0.045  0.110 -0.014 -0.046 -0.021  0.038  0.019 -0.137 -0.053  0.027 -0.071  0.048  0.078  0.391  0.364 -0.043  0.166  0.015 -0.073  0.104  0.064 -0.595  0.355  1.000  0.235  0.173  0.087  0.090  0.092  0.117  0.144  0.012 -0.005  0.035 -0.338 -0.207  0.191  0.123  0.138  0.132
   0.217  0.109 -0.111  0.242  0.123 -0.058 -0.025  0.199  0.154 -0.036 -0.003  0.026  0.026  0.117  0.117  0.153  0.148 -0.094  0.031  0.044 -0.038  0.073 -0.004 -0.070 -0.084  0.235  1.000  0.485  0.385  0.695  0.605  0.363  0.378  0.061  0.556  0.500 -0.256 -0.219  0.542  0.070  0.602  0.549
   0.179  0.069 -0.102  0.194  0.109 -0.059 -0.012  0.162  0.125 -0.020 -0.001  0.057  0.010  0.107  0.096  0.106  0.082 -0.058 -0.007  0.039  0.171 -0.196 -0.051 -0.036 -0.082  0.173  0.485  1.000  0.323  0.526  0.664  0.301  0.290  0.049  0.413  0.546 -0.179 -0.160  0.422 -0.079  0.480  0.579
   0.076  0.049 -0.021  0.086  0.106 -0.139  0.144  0.098  0.082  0.068  0.113 -0.021  0.040  0.132 -0.042  0.044  0.131 -0.108 -0.021  0.094 -0.058  0.079 -0.054  0.022 -0.110  0.087  0.385  0.323  1.000  0.435  0.414  0.330  0.366  0.024  0.343  0.335 -0.162 -0.144  0.398  0.081  0.421  0.401
