# fitpack15: fit parameters                                                                         
# CJ15 AV18 final data choices                                                                      
# Created on 06/27/2019 at 07:40:58                                                                 

 # QCD setup
  INS                           0
  NVL                          11
  IORD                          1
  Q02                   1.6899999999999999     
  IPARAMC                       7
  FLAVOR                4.0000000000000000     
  xmc                   1.3000000000000000     
  xmb                   4.5000000000000000     
  ncb                          12
  ihq                           1
  ias                           0

 # Theory corrections
  inuke                     10114
  itmc                          1
  iht                           1

 # fit parameters
 LAMBDA       0.22680        0.0000    
 a0uv          2.4017        0.0000    
 a1uv         0.61441       0.25422E-01
 a2uv          3.5454       0.16431E-01
 a3uv          0.0000        0.0000    
 a4uv          3.4609       0.56911    
 a5uv          0.0000        0.0000    
 a0dv          25.744        0.0000    
 a1dv          1.1665       0.40442E-01
 a2dv          6.5663       0.21848    
 a3dv         -3.5161       0.97152E-01
 a4dv          4.6432       0.16622    
 a5dv          0.0000        0.0000    
 a0ud         0.14635       0.53456E-02
 a1ud        -0.20790       0.39406E-02
 a2ud          8.3018       0.21785    
 a3ud          0.0000        0.0000    
 a4ud          14.287        1.4308    
 a5ud          0.0000        0.0000    
 a0du          35712.        0.0000    
 a1du          4.0467       0.88190E-01
 a2du          20.212       0.99360    
 a3du          17.000        0.0000    
 a4du          51.183        12.399    
 a0g           45.882        0.0000    
 a1g          0.60493       0.31117E-01
 a2g           6.2738       0.95820    
 a3g          -3.3334       0.13181    
 a4g           3.1920       0.29898    
 a5g           0.0000        0.0000    
 kappa        0.40000        0.0000    
 a6dv        -0.29241E-02   0.19620E-02
 a7dv          2.0000        0.0000    
 off1         -1.6051        1.5811    
 off2         0.15417       0.95180    
 off3         0.21502       0.97898    
 ht1          -3.3252       0.28104    
 ht2           1.9266       0.11638    
 ht3          -2.0979       0.29066E-01
 ht4           0.0000        0.0000    
 dummy41       0.0000        0.0000    
 dummy42       0.0000        0.0000    
 dummy43       0.0000        0.0000    
 dummy44       0.0000        0.0000    
 dummy45       0.0000        0.0000    
 dummy46       0.0000        0.0000    
 dummy47       0.0000        0.0000    
 dummy48       0.0000        0.0000    
 dummy49       0.0000        0.0000    
 bcdmsh2      0.97116       0.48767E-02
 bcdmsd2      0.99119       0.58508E-02
 ccfr          1.0000        0.0000    
 nutev         1.0000        0.0000    
 zeus         0.97998        0.0000    
 h1            1.0162        0.0000    
 e605          1.0319        0.0000    
 NmcH2         1.0076       0.71292E-02
 ntv_nu        1.0000        0.0000    
 ntv_nuba      1.0000        0.0000    
 cdf_jet      0.98910        0.0000    
 d0_jet       0.83504        0.0000    
 slac_p        1.0032       0.48935E-02
 slac_d        1.0021       0.53243E-02
 e866pp       0.96053       0.21941E-01
 e866pd       0.95430       0.18938E-01
 d0_gamje      1.0396       0.16569E-01
 h1b          0.97608        0.0000    
 jlab_p       0.99516       0.58960E-02
 jlab_d       0.97498       0.60056E-02
 blank         1.0000        0.0000    
 d0run2       0.94374       0.14858E-01
 cdfrun2      0.92973       0.17533E-01
 HERA_el       1.0000        0.0000    
 HERA_ps       1.0000        0.0000    
 CDF_Z        0.96240       0.68807E-02
 NmcRat        1.0000        0.0000    
 BNS_F2nd     0.97761       0.89599E-02
 HERMES_F     0.99613       0.56193E-02
 HERMES_F     0.97832       0.58491E-02
 END 0. 0.

 # Hessian matrix (Bevington alpha)
   0.47635986625608E+07 -0.12717718391615E+07  0.22942953720136E+06  0.57670057219386E+06 -0.14247697728997E+06  0.84808318970950E+04  0.78667150000127E+05  0.93045801658260E+06 -0.16922835691500E+06 -0.50205357720028E+05  0.78421944101012E+04  0.14127151319268E+05  0.15767860291550E+04 -0.80849028918951E+02  0.11856376819941E+05 -0.27279386730863E+04  0.16342470626562E+05  0.11271951253597E+05 -0.82776578991651E+07 -0.54390643377019E+04 -0.23567485387208E+05 -0.29959472163132E+05 -0.19219571657143E+05 -0.87751030182735E+04 -0.22748510204329E+06 -0.12721047577161E+06 -0.53863305012495E+05 -0.43987369391653E+04 -0.84071126444199E+06 -0.10870972100530E+07 -0.20686024736235E+05 -0.46756617945753E+05 -0.30680532431417E+04 -0.19849714017268E+06 -0.22397204333575E+06 -0.89362068091697E+04 -0.31635492227290E+04 -0.15276376661845E+05  0.16607100217636E+05 -0.70868993865747E+05 -0.55836018671771E+05
  -0.12717718391615E+07  0.41079501381418E+06 -0.63234504095630E+05 -0.14756050867567E+06  0.38378198047654E+05  0.49663933215207E+04 -0.15835550458215E+05 -0.12448715267043E+06  0.25726278153048E+05  0.77388203726097E+04 -0.99275272121659E+03 -0.11703886525179E+04 -0.13248807339962E+03  0.10468057639917E+02  0.32947248796893E+03  0.11196773986539E+02 -0.19964972041025E+03 -0.14878711170996E+03  0.27966578135002E+07  0.19169100281209E+04  0.77964561533481E+04  0.94840071175631E+04  0.88269242001042E+04  0.95824410120274E+04  0.67388263726563E+05  0.16593347286109E+05  0.82233395213984E+04 -0.24334390624623E+03  0.20981035533827E+06  0.26483366959387E+06  0.58246034545813E+04  0.13328199692643E+05  0.41851158187390E+03  0.63450647034785E+05  0.71257011116377E+05  0.24212818295135E+04  0.76873444084451E+03 -0.23390120227411E+04 -0.22727045025488E+04  0.85703031442590E+04  0.72163778371159E+04
   0.22942953720136E+06 -0.63234504095630E+05  0.11169629389105E+05  0.27332672942188E+05 -0.69468862569454E+04 -0.58830112540945E+02  0.36010464383610E+04  0.32849323758888E+05 -0.57664948206783E+04 -0.20840351382245E+04  0.28191257369455E+03  0.44100693915618E+03  0.57169714638403E+02 -0.38604324427786E+01 -0.23168653286977E+03 -0.30171042859579E+02 -0.10641836792363E+02  0.91455043672113E+02 -0.41376263484008E+06 -0.27208637143564E+03 -0.11771966557959E+04 -0.14822641483052E+04 -0.10367570307549E+04 -0.73364445913892E+03 -0.11205794394448E+05 -0.55748843631680E+04 -0.23795030599910E+04  0.52001518660632E+02 -0.39312633822434E+05 -0.51105135868729E+05 -0.10140590051937E+04 -0.23030119745310E+04 -0.11872047059475E+03 -0.99714242029080E+04 -0.11237979526727E+05 -0.42982253412864E+03 -0.14955242465306E+03  0.46630608496972E+02  0.73256788486934E+03 -0.25827449735135E+04 -0.20951497000460E+04
   0.57670057219386E+06 -0.14756050867567E+06  0.27332672942188E+05  0.29550638790526E+06 -0.48082820332112E+05  0.57176320707651E+05  0.50012407708943E+05  0.31915099786792E+06 -0.28822615616202E+05 -0.16401175825229E+05  0.30668123933968E+04 -0.77242229919289E+03 -0.70731976349422E+02  0.34126520838490E+02  0.27654969394357E+05 -0.32740364341257E+04  0.25495968005649E+05  0.14068084694950E+05 -0.17836419881816E+07 -0.11316710395405E+04 -0.57397768364913E+04 -0.75882878458293E+04 -0.13580588965090E+04  0.26660796831858E+04 -0.39884355675332E+05 -0.12704545589103E+05 -0.21027847332575E+05 -0.67554749673211E+02 -0.65080509317091E+05 -0.33737998949507E+06 -0.13729955437505E+04 -0.24570826495339E+04 -0.70515125089051E+02 -0.11497787999926E+05 -0.51563634546895E+05 -0.24319588646013E+04 -0.95107815123224E+03 -0.96775001190877E+04 -0.15900927008416E+05 -0.71869091780575E+04 -0.21253693947833E+05
  -0.14247697728997E+06  0.38378198047654E+05 -0.69468862569454E+04 -0.48082820332112E+05  0.94359580410186E+04 -0.59417153173783E+04 -0.75479961170195E+04 -0.30032291117097E+05  0.11069136325334E+04  0.21734262652877E+04 -0.31167889158412E+03 -0.63605706303016E+02 -0.19778510562304E+01 -0.27112440062835E+01 -0.22452899299601E+04  0.26267585415609E+03 -0.20172490164451E+04 -0.11117537794035E+04  0.41419940982553E+06  0.27682729438952E+03  0.13656327857352E+04  0.17214008353314E+04  0.61043423390891E+03  0.35056078857174E+03  0.89772868711621E+04  0.19974653654852E+04  0.33808955523356E+04 -0.57403025696420E+02  0.12041342087692E+05  0.63692558154478E+05  0.33775512953774E+03  0.58459810592139E+03  0.91193116703303E+01  0.29996501167548E+04  0.13301296622215E+05  0.47716364910736E+03  0.17667149180530E+03  0.34706625794950E+03  0.25339802854607E+04  0.82297967193905E+03  0.25360696216681E+04
   0.84808318970950E+04  0.49663933215207E+04 -0.58830112540945E+02  0.57176320707651E+05 -0.59417153173783E+04  0.18875536354216E+05  0.11509952334718E+05  0.99606164520656E+05 -0.99237782957203E+04 -0.43019419627829E+04  0.94786015874093E+03 -0.43039283108603E+03 -0.36071473236908E+02  0.12201072600238E+02  0.87885840297182E+04 -0.10819152100633E+04  0.81796184678277E+04  0.46178608347403E+04 -0.51367640717983E+05  0.17370401221772E+02 -0.11618786304019E+03 -0.34101707568914E+03  0.71828955374158E+03  0.25102066303965E+04 -0.20624944994270E+04 -0.29824472919080E+04 -0.45726776363254E+04  0.16676725923892E+03 -0.96184715556173E+04 -0.47164220214994E+05 -0.12252441076431E+02 -0.52853652344169E+02 -0.19890681435996E+02  0.25187176828083E+03  0.88633271244511E+03 -0.29409535083530E+03 -0.14583879561345E+03 -0.31728255316780E+04 -0.36591288635173E+04 -0.19401436395405E+04 -0.55802260879999E+04
   0.78667150000127E+05 -0.15835550458215E+05  0.36010464383610E+04  0.50012407708943E+05 -0.75479961170195E+04  0.11509952334718E+05  0.92875789025539E+04  0.55123885075484E+05 -0.36392571409655E+04 -0.30690703702346E+04  0.55108947346682E+03 -0.10160939271534E+03 -0.10766232320324E+02  0.60309349589448E+01  0.44124835009755E+04 -0.54506580595885E+03  0.39802427482129E+04  0.22631692845323E+04 -0.21317266467427E+06 -0.11184393795025E+03 -0.70517379585495E+03 -0.98295498580109E+03  0.14455125595961E+03  0.11781247433872E+04 -0.53100576971052E+04 -0.26015565555647E+04 -0.40856427916433E+04  0.14393789768732E+03 -0.10593861336861E+05 -0.55201846315038E+05 -0.17829031890825E+03 -0.30913214034348E+03 -0.13776351042213E+02 -0.11420621636263E+04 -0.52572337465158E+04 -0.38641586108443E+03 -0.16229587405539E+03 -0.13377283963007E+04 -0.33544454959729E+04 -0.11956056923083E+04 -0.35606377624517E+04
   0.93045801658260E+06 -0.12448715267043E+06  0.32849323758888E+05  0.31915099786792E+06 -0.30032291117097E+05  0.99606164520656E+05  0.55123885075484E+05  0.49163425765477E+07 -0.22982621547500E+07 -0.83603790828276E+05  0.25751777211062E+05  0.26341364090596E+05  0.17775121061333E+04  0.91874651045518E+02  0.80303560391793E+05 -0.10394693821061E+05  0.87602923510647E+05  0.47205080668760E+05 -0.57534265350501E+06 -0.49740519345931E+03  0.95174957837177E+03 -0.25653750708105E+04  0.71761982424997E+04  0.36570380865853E+05 -0.29445389742650E+05 -0.60213397995488E+05 -0.48393326609769E+05 -0.66512350598811E+05 -0.28004946655109E+06 -0.55613797086680E+06 -0.72842390060913E+05 -0.16348584831910E+06 -0.13132700403439E+04 -0.57634374030507E+04 -0.11366370818467E+05  0.26354575246585E+03  0.25045493085217E+03 -0.26129491793732E+06 -0.86374615675421E+04 -0.13647784933872E+06 -0.16951167698909E+06
  -0.16922835691500E+06  0.25726278153048E+05 -0.57664948206783E+04 -0.28822615616202E+05  0.11069136325334E+04 -0.99237782957203E+04 -0.36392571409655E+04 -0.22982621547500E+07  0.19231808198912E+07  0.18764009543910E+05 -0.65055684836904E+04 -0.56016978968710E+04 -0.30664170879609E+03 -0.14138433154319E+02  0.50626657447597E+05 -0.24728024555874E+04  0.18515813091580E+05  0.91060001035713E+04  0.34296325910281E+04  0.10551161977698E+03 -0.86219721133818E+03  0.33627752317395E+02 -0.17505124260797E+04 -0.92605885996101E+04  0.47771896734198E+04  0.11335998714351E+05  0.10738024717805E+05  0.23934873842804E+05  0.65206440143416E+05  0.12532683335078E+06  0.23195587940739E+05  0.52171800115815E+05  0.17352153655116E+03  0.63925321581168E+03  0.12925109413839E+04 -0.12604258824583E+04 -0.69547667333179E+03  0.11116294028578E+06  0.15878514221549E+04  0.44015475641845E+05  0.54137008970013E+05
  -0.50205357720028E+05  0.77388203726097E+04 -0.20840351382245E+04 -0.16401175825229E+05  0.21734262652877E+04 -0.43019419627829E+04 -0.30690703702346E+04 -0.83603790828276E+05  0.18764009543910E+05  0.25740359074332E+04 -0.63407886334409E+03 -0.68211660629063E+03 -0.60475619034207E+02 -0.14214173643871E+01 -0.39352443061088E+04  0.48549807185556E+03 -0.37499152675842E+04 -0.21139721369160E+04  0.54293603515654E+05  0.30112115623757E+02  0.12820928757640E+03  0.25370578751608E+03 -0.21145393347640E+03 -0.10959981386846E+04  0.18828042081759E+04  0.27217094300635E+04  0.18852238514036E+04  0.72417972463056E+03  0.10896689076847E+05  0.22826369419898E+05  0.15346679810348E+04  0.33737526640809E+04  0.42654674567484E+02  0.57722243496734E+03  0.11006179596507E+04  0.12958499926700E+03  0.57875607245060E+02  0.30731788839200E+04  0.44217062081343E+03  0.27740167598433E+04  0.35298908452796E+04
   0.78421944101012E+04 -0.99275272121659E+03  0.28191257369455E+03  0.30668123933968E+04 -0.31167889158412E+03  0.94786015874093E+03  0.55108947346682E+03  0.25751777211062E+05 -0.65055684836904E+04 -0.63407886334409E+03  0.18178856564600E+03  0.20453184340988E+03  0.15019946504706E+02  0.63485737987024E+00  0.12686525886730E+04 -0.14220871450193E+03  0.11584404343596E+04  0.62936269631287E+03 -0.62292081005140E+04 -0.37659567057192E+01 -0.16074841322528E+01 -0.26815078124433E+02  0.53379855706999E+02  0.26587288542129E+03 -0.24650505459298E+03 -0.49162813194962E+03 -0.37062353375525E+03 -0.34310718963705E+03 -0.21016355390115E+04 -0.42277409882404E+04 -0.45096475845233E+03 -0.10121445755359E+04 -0.11208556904935E+02 -0.50768372866339E+02 -0.99965320751348E+02 -0.14445692119832E+02 -0.68541612404914E+01 -0.11666677175071E+04 -0.70486131347718E+02 -0.84239181700831E+03 -0.10545337478465E+04
   0.14127151319268E+05 -0.11703886525179E+04  0.44100693915618E+03 -0.77242229919289E+03 -0.63605706303016E+02 -0.43039283108603E+03 -0.10160939271534E+03  0.26341364090596E+05 -0.56016978968710E+04 -0.68211660629063E+03  0.20453184340988E+03  0.16452006606128E+04  0.10720567865875E+03 -0.53486884650003E+00  0.14843129380680E+04 -0.20842959521134E+03  0.17436825169278E+04  0.99318537122132E+03 -0.61945030253368E+04 -0.33115940385411E+00 -0.52753738913832E+02 -0.26050766756433E+02  0.54397744459959E+02  0.29735443408442E+03 -0.60005908036872E+02 -0.11269386460677E+04 -0.59040284292159E-10 -0.72939031945399E+03 -0.50039234683132E+04  0.64154947015827E-10 -0.24268662865350E+04 -0.72110699989358E+02 -0.79326855219797E+02 -0.20425285284551E+00 -0.64309205776798E-11 -0.17553770025209E+01 -0.75609927730116E+00  0.28319249112370E+03  0.30974232536378E+03 -0.27405684120148E+04  0.16375707795792E-09
   0.15767860291550E+04 -0.13248807339962E+03  0.57169714638403E+02 -0.70731976349422E+02 -0.19778510562304E+01 -0.36071473236908E+02 -0.10766232320324E+02  0.17775121061333E+04 -0.30664170879609E+03 -0.60475619034207E+02  0.15019946504706E+02  0.10720567865875E+03  0.95825450787352E+01 -0.13163378955042E+00  0.84218876912806E+02 -0.14201268243831E+02  0.10832021499186E+03  0.66598860454745E+02 -0.36541904232682E+03 -0.18612669423854E+00 -0.19440975615596E+01 -0.55308226548952E+00  0.68744134395794E+01  0.32963111632670E+02 -0.11919866419950E+02 -0.16577849063020E+03 -0.41437275117335E-11 -0.28242664630699E+02 -0.58690799875431E+03  0.45397468866400E-13 -0.15117517609092E+03 -0.18961320958498E+02 -0.63705323977061E+01 -0.14715909318786E+00 -0.39851773281934E-11 -0.18437763295359E+00 -0.71890374464328E-01  0.28437557376736E+02  0.69349051051456E+02 -0.19632473481641E+03 -0.10013903178083E-11
  -0.80849028918951E+02  0.10468057639917E+02 -0.38604324427786E+01  0.34126520838490E+02 -0.27112440062835E+01  0.12201072600238E+02  0.60309349589448E+01  0.91874651045518E+02 -0.14138433154319E+02 -0.14214173643871E+01  0.63485737987024E+00 -0.53486884650003E+00 -0.13163378955042E+00  0.45461116767601E-01  0.14056008751084E+02 -0.10124609057036E+01  0.88610377117057E+01  0.40546275063510E+01 -0.38546754598038E+02  0.43503454783135E-01 -0.59470941877449E+00 -0.44050682586937E+00 -0.41136511496130E-02  0.31008061621458E-01  0.15493240430798E-01  0.71883865133351E-01 -0.32025891281054E-12 -0.64819653566278E+01 -0.91783106869737E+00  0.47583359818332E-11 -0.37622091506080E+01 -0.25571586541585E-04 -0.15128365768536E+00  0.15685028777125E-12  0.15199824586881E-12 -0.18499810954591E-02 -0.10165436724548E-02 -0.17239148682757E+01  0.78159607548513E-04 -0.35206274969332E+01  0.19294641820775E-12
   0.11856376819941E+05  0.32947248796893E+03 -0.23168653286977E+03  0.27654969394357E+05 -0.22452899299601E+04  0.87885840297182E+04  0.44124835009755E+04  0.80303560391793E+05  0.50626657447597E+05 -0.39352443061088E+04  0.12686525886730E+04  0.14843129380680E+04  0.84218876912806E+02  0.14056008751084E+02  0.49495397281674E+05 -0.46522418453312E+04  0.38183339645574E+05  0.19960884496028E+05 -0.47922354024055E+05  0.72748634922884E+01  0.77412271895328E+02  0.82288944924594E+02 -0.30993177474704E+02 -0.16091254329575E+03  0.71908664796940E+03 -0.27588840585968E+04 -0.18091889897417E+04 -0.24771818489641E+04  0.19287302593734E+04  0.42214318013572E+04 -0.15528157596516E+04 -0.30459192053610E+04 -0.72408315356547E+03  0.28638708497605E+03  0.51198230668810E+03 -0.29274296736505E+04 -0.15440685865309E+04 -0.23470094643768E+04  0.19039916503495E+03 -0.89688448592283E+03 -0.10122613603659E+04
  -0.27279386730863E+04  0.11196773986539E+02 -0.30171042859579E+02 -0.32740364341257E+04  0.26267585415609E+03 -0.10819152100633E+04 -0.54506580595885E+03 -0.10394693821061E+05 -0.24728024555874E+04  0.48549807185556E+03 -0.14220871450193E+03 -0.20842959521134E+03 -0.14201268243831E+02 -0.10124609057036E+01 -0.46522418453312E+04  0.51049558386258E+03 -0.41232234696644E+04 -0.22396734346665E+04  0.50664761202923E+04 -0.18424364364886E+01 -0.15838328342768E+02 -0.15424017752591E+02 -0.48868235371410E+01 -0.12155463297880E+02 -0.15093137143951E+03  0.51951929165253E+03  0.32594832101790E+03  0.28758512156789E+03 -0.14758623409027E+03 -0.47030926156738E+03  0.16391182254808E+03  0.32023838968523E+03  0.81167291045454E+02 -0.77429769762560E+02 -0.13671998831830E+03  0.45754844884707E+03  0.22390248909923E+03 -0.32240688831533E+03 -0.34173771165671E+02  0.25590940681884E+03  0.28756040012462E+03
   0.16342470626562E+05 -0.19964972041025E+03 -0.10641836792363E+02  0.25495968005649E+05 -0.20172490164451E+04  0.81796184678277E+04  0.39802427482129E+04  0.87602923510647E+05  0.18515813091580E+05 -0.37499152675842E+04  0.11584404343596E+04  0.17436825169278E+04  0.10832021499186E+03  0.88610377117057E+01  0.38183339645574E+05 -0.41232234696644E+04  0.33882415281182E+05  0.18231983142802E+05 -0.46230141009937E+05  0.38369830454419E+01  0.91687761300548E+02  0.92315868671522E+02 -0.83790358499759E+02 -0.26306333223049E+03  0.66167820899997E+03 -0.30336055421496E+04 -0.19433979059346E+04 -0.26542754500963E+04  0.22343972601071E+04  0.49366193983331E+04 -0.13830426425190E+04 -0.27274141946526E+04 -0.66188435652953E+03  0.10459746069488E+03  0.20371925378428E+03 -0.29421346933808E+04 -0.15701544090218E+04  0.16396604504628E+04  0.26466790341759E+03 -0.18866365038277E+04 -0.20989955809646E+04
   0.11271951253597E+05 -0.14878711170996E+03  0.91455043672113E+02  0.14068084694950E+05 -0.11117537794035E+04  0.46178608347403E+04  0.22631692845323E+04  0.47205080668760E+05  0.91060001035713E+04 -0.21139721369160E+04  0.62936269631287E+03  0.99318537122132E+03  0.66598860454745E+02  0.40546275063510E+01  0.19960884496028E+05 -0.22396734346665E+04  0.18231983142802E+05  0.99360603698788E+04 -0.24446619451601E+05  0.43395797696516E+01  0.64140448863981E+02  0.62654547763633E+02 -0.28468085863966E+02 -0.73914054657598E+02  0.51466373387855E+03 -0.21033846835898E+04 -0.13149236833900E+04 -0.13312409670446E+04  0.10233866039063E+04  0.26699155698038E+04 -0.70302781993761E+03 -0.13870446184275E+04 -0.36448665938810E+03  0.13799731408499E+03  0.25557458030772E+03 -0.18926599522253E+04 -0.96958468880091E+03  0.16606901084129E+04  0.18060520137066E+03 -0.12814257981830E+04 -0.14273243097766E+04
  -0.82776578991651E+07  0.27966578135002E+07 -0.41376263484008E+06 -0.17836419881816E+07  0.41419940982553E+06 -0.51367640717983E+05 -0.21317266467427E+06 -0.57534265350501E+06  0.34296325910281E+04  0.54293603515654E+05 -0.62292081005140E+04 -0.61945030253368E+04 -0.36541904232682E+03 -0.38546754598038E+02 -0.47922354024055E+05  0.50664761202923E+04 -0.46230141009937E+05 -0.24446619451601E+05  0.28442786461298E+08  0.22427432911966E+05  0.92370715825249E+05  0.11084959490398E+06  0.68171797341740E+05  0.78478566946692E+05  0.50379672252276E+06  0.35232758549489E+05  0.78851974512445E+05 -0.12607580597684E+04  0.58776083517918E+06  0.28848868034412E+07  0.18211407740555E+05  0.32910018545818E+05  0.22404365999566E+03  0.19039217695019E+06  0.83695016392897E+06  0.25287963916177E+05  0.79788479992012E+04 -0.19100912483725E+05  0.46562994387800E+05  0.21430914383236E+05  0.66595787448331E+05
  -0.54390643377019E+04  0.19169100281209E+04 -0.27208637143564E+03 -0.11316710395405E+04  0.27682729438952E+03  0.17370401221772E+02 -0.11184393795025E+03 -0.49740519345931E+03  0.10551161977698E+03  0.30112115623757E+02 -0.37659567057192E+01 -0.33115940385411E+00 -0.18612669423854E+00  0.43503454783135E-01  0.72748634922884E+01 -0.18424364364886E+01  0.38369830454419E+01  0.43395797696516E+01  0.22427432911966E+05  0.21093906091100E+02  0.79805966598423E+02  0.96702126614541E+02  0.49004793367884E+02  0.53562096577470E+02  0.34494129383267E+03  0.00000000000000E+00  0.34732289814683E+02  0.00000000000000E+00  0.00000000000000E+00  0.24118067546103E+04  0.00000000000000E+00  0.00000000000000E+00  0.00000000000000E+00  0.00000000000000E+00  0.67880550432917E+03  0.00000000000000E+00  0.00000000000000E+00  0.00000000000000E+00 -0.33853931062420E+02  0.00000000000000E+00  0.76887788990313E+02
  -0.23567485387208E+05  0.77964561533481E+04 -0.11771966557959E+04 -0.57397768364913E+04  0.13656327857352E+04 -0.11618786304019E+03 -0.70517379585495E+03  0.95174957837177E+03 -0.86219721133818E+03  0.12820928757640E+03 -0.16074841322528E+01 -0.52753738913832E+02 -0.19440975615596E+01 -0.59470941877449E+00  0.77412271895328E+02 -0.15838328342768E+02  0.91687761300548E+02  0.64140448863981E+02  0.92370715825249E+05  0.79805966598423E+02  0.37611199813588E+03  0.43592716009266E+03  0.18721864614574E+03  0.21895783485148E+03  0.15224530589912E+04  0.00000000000000E+00  0.18727716912934E+03  0.00000000000000E+00  0.00000000000000E+00  0.10727874603457E+05  0.00000000000000E+00  0.00000000000000E+00  0.00000000000000E+00  0.00000000000000E+00  0.28935184662604E+04  0.00000000000000E+00  0.00000000000000E+00  0.00000000000000E+00 -0.24952921089690E+03  0.00000000000000E+00 -0.42543857945101E+02
  -0.29959472163132E+05  0.94840071175631E+04 -0.14822641483052E+04 -0.75882878458293E+04  0.17214008353314E+04 -0.34101707568914E+03 -0.98295498580109E+03 -0.25653750708105E+04  0.33627752317395E+02  0.25370578751608E+03 -0.26815078124433E+02 -0.26050766756433E+02 -0.55308226548952E+00 -0.44050682586937E+00  0.82288944924594E+02 -0.15424017752591E+02  0.92315868671522E+02  0.62654547763633E+02  0.11084959490398E+06  0.96702126614541E+02  0.43592716009266E+03  0.52458320855776E+03  0.20524962049654E+03  0.18742134969991E+03  0.19031932688633E+04  0.00000000000000E+00  0.44235693980575E+03  0.00000000000000E+00  0.00000000000000E+00  0.14756470794757E+05  0.00000000000000E+00  0.00000000000000E+00  0.00000000000000E+00  0.00000000000000E+00  0.34958285194583E+04  0.00000000000000E+00  0.00000000000000E+00  0.00000000000000E+00 -0.40942113525448E+03  0.00000000000000E+00  0.36726044857230E+03
  -0.19219571657143E+05  0.88269242001042E+04 -0.10367570307549E+04 -0.13580588965090E+04  0.61043423390891E+03  0.71828955374158E+03  0.14455125595961E+03  0.71761982424997E+04 -0.17505124260797E+04 -0.21145393347640E+03  0.53379855706999E+02  0.54397744459959E+02  0.68744134395794E+01 -0.41136511496130E-02 -0.30993177474704E+02 -0.48868235371410E+01 -0.83790358499759E+02 -0.28468085863966E+02  0.68171797341740E+05  0.49004793367884E+02  0.18721864614574E+03  0.20524962049654E+03  0.40813395997535E+03  0.73713094210852E+03  0.16230773076035E+04 -0.50198350797353E+02 -0.29143421560465E+02  0.21198059693524E+01  0.81431499548985E+03  0.35348939542868E+03  0.00000000000000E+00  0.00000000000000E+00  0.00000000000000E+00  0.24159243074106E+04  0.30029334840734E+04  0.00000000000000E+00  0.00000000000000E+00  0.00000000000000E+00 -0.26713681089890E+02 -0.38644275819891E+03 -0.40258455465732E+03
  -0.87751030182735E+04  0.95824410120274E+04 -0.73364445913892E+03  0.26660796831858E+04  0.35056078857174E+03  0.25102066303965E+04  0.11781247433872E+04  0.36570380865853E+05 -0.92605885996101E+04 -0.10959981386846E+04  0.26587288542129E+03  0.29735443408442E+03  0.32963111632670E+02  0.31008061621458E-01 -0.16091254329575E+03 -0.12155463297880E+02 -0.26306333223049E+03 -0.73914054657598E+02  0.78478566946692E+05  0.53562096577470E+02  0.21895783485148E+03  0.18742134969991E+03  0.73713094210852E+03  0.19208194031403E+04  0.15210604966288E+04 -0.15843898556156E+03 -0.10877812770546E+03 -0.52287981846066E+02 -0.61893251763996E+04 -0.10858420036848E+05  0.00000000000000E+00  0.00000000000000E+00  0.00000000000000E+00  0.33966699462566E+04  0.41117987141317E+04  0.00000000000000E+00  0.00000000000000E+00  0.00000000000000E+00 -0.39933261443355E+02 -0.21670521740406E+04 -0.22429631165869E+04
  -0.22748510204329E+06  0.67388263726563E+05 -0.11205794394448E+05 -0.39884355675332E+05  0.89772868711621E+04 -0.20624944994270E+04 -0.53100576971052E+04 -0.29445389742650E+05  0.47771896734198E+04  0.18828042081759E+04 -0.24650505459298E+03 -0.60005908036872E+02 -0.11919866419950E+02  0.15493240430798E-01  0.71908664796940E+03 -0.15093137143951E+03  0.66167820899997E+03  0.51466373387855E+03  0.50379672252276E+06  0.34494129383267E+03  0.15224530589912E+04  0.19031932688633E+04  0.16230773076035E+04  0.15210604966288E+04  0.16836543093338E+05  0.25775537704114E+03  0.13423326667152E+03 -0.68294364888225E+01  0.38382560051781E+05  0.62503551271598E+05  0.00000000000000E+00  0.00000000000000E+00  0.00000000000000E+00  0.16154952534743E+05  0.20411875643716E+05  0.00000000000000E+00  0.00000000000000E+00  0.00000000000000E+00 -0.78393049001670E+02  0.15948225067500E+04  0.16283097671516E+04
  -0.12721047577161E+06  0.16593347286109E+05 -0.55748843631680E+04 -0.12704545589103E+05  0.19974653654852E+04 -0.29824472919080E+04 -0.26015565555647E+04 -0.60213397995488E+05  0.11335998714351E+05  0.27217094300635E+04 -0.49162813194962E+03 -0.11269386460677E+04 -0.16577849063020E+03  0.71883865133351E-01 -0.27588840585968E+04  0.51951929165253E+03 -0.30336055421496E+04 -0.21033846835898E+04  0.35232758549489E+05  0.00000000000000E+00  0.00000000000000E+00  0.00000000000000E+00 -0.50198350797353E+02 -0.15843898556156E+03  0.25775537704114E+03  0.11669498809488E+06  0.00000000000000E+00  0.00000000000000E+00  0.00000000000000E+00  0.00000000000000E+00  0.00000000000000E+00  0.00000000000000E+00  0.00000000000000E+00  0.00000000000000E+00  0.00000000000000E+00  0.00000000000000E+00  0.00000000000000E+00  0.00000000000000E+00  0.00000000000000E+00  0.00000000000000E+00  0.00000000000000E+00
  -0.53863305012495E+05  0.82233395213984E+04 -0.23795030599910E+04 -0.21027847332575E+05  0.33808955523356E+04 -0.45726776363254E+04 -0.40856427916433E+04 -0.48393326609769E+05  0.10738024717805E+05  0.18852238514036E+04 -0.37062353375525E+03 -0.59040284292159E-10 -0.41437275117335E-11 -0.32025891281054E-12 -0.18091889897417E+04  0.32594832101790E+03 -0.19433979059346E+04 -0.13149236833900E+04  0.78851974512445E+05  0.34732289814683E+02  0.18727716912934E+03  0.44235693980575E+03 -0.29143421560465E+02 -0.10877812770546E+03  0.13423326667152E+03  0.00000000000000E+00  0.64840119568533E+05  0.00000000000000E+00  0.00000000000000E+00  0.00000000000000E+00  0.00000000000000E+00  0.00000000000000E+00  0.00000000000000E+00  0.00000000000000E+00  0.00000000000000E+00  0.00000000000000E+00  0.00000000000000E+00  0.00000000000000E+00  0.00000000000000E+00  0.00000000000000E+00  0.00000000000000E+00
  -0.43987369391653E+04 -0.24334390624623E+03  0.52001518660632E+02 -0.67554749673211E+02 -0.57403025696420E+02  0.16676725923892E+03  0.14393789768732E+03 -0.66512350598811E+05  0.23934873842804E+05  0.72417972463056E+03 -0.34310718963705E+03 -0.72939031945399E+03 -0.28242664630699E+02 -0.64819653566278E+01 -0.24771818489641E+04  0.28758512156789E+03 -0.26542754500963E+04 -0.13312409670446E+04 -0.12607580597684E+04  0.00000000000000E+00  0.00000000000000E+00  0.00000000000000E+00  0.21198059693524E+01 -0.52287981846066E+02 -0.68294364888225E+01  0.00000000000000E+00  0.00000000000000E+00  0.30736640782783E+05  0.00000000000000E+00  0.00000000000000E+00  0.00000000000000E+00  0.00000000000000E+00  0.00000000000000E+00  0.00000000000000E+00  0.00000000000000E+00  0.00000000000000E+00  0.00000000000000E+00  0.00000000000000E+00  0.00000000000000E+00  0.00000000000000E+00  0.00000000000000E+00
  -0.84071126444199E+06  0.20981035533827E+06 -0.39312633822434E+05 -0.65080509317091E+05  0.12041342087692E+05 -0.96184715556173E+04 -0.10593861336861E+05 -0.28004946655109E+06  0.65206440143416E+05  0.10896689076847E+05 -0.21016355390115E+04 -0.50039234683132E+04 -0.58690799875431E+03 -0.91783106869737E+00  0.19287302593734E+04 -0.14758623409027E+03  0.22343972601071E+04  0.10233866039063E+04  0.58776083517918E+06  0.00000000000000E+00  0.00000000000000E+00  0.00000000000000E+00  0.81431499548985E+03 -0.61893251763996E+04  0.38382560051781E+05  0.00000000000000E+00  0.00000000000000E+00  0.00000000000000E+00  0.57935092897990E+06  0.00000000000000E+00  0.00000000000000E+00  0.00000000000000E+00  0.00000000000000E+00  0.00000000000000E+00  0.00000000000000E+00  0.00000000000000E+00  0.00000000000000E+00  0.00000000000000E+00  0.00000000000000E+00  0.00000000000000E+00  0.00000000000000E+00
  -0.10870972100530E+07  0.26483366959387E+06 -0.51105135868729E+05 -0.33737998949507E+06  0.63692558154478E+05 -0.47164220214994E+05 -0.55201846315038E+05 -0.55613797086680E+06  0.12532683335078E+06  0.22826369419898E+05 -0.42277409882404E+04  0.64154947015827E-10  0.45397468866400E-13  0.47583359818332E-11  0.42214318013572E+04 -0.47030926156738E+03  0.49366193983331E+04  0.26699155698038E+04  0.28848868034412E+07  0.24118067546103E+04  0.10727874603457E+05  0.14756470794757E+05  0.35348939542868E+03 -0.10858420036848E+05  0.62503551271598E+05  0.00000000000000E+00  0.00000000000000E+00  0.00000000000000E+00  0.00000000000000E+00  0.92182428824257E+06  0.00000000000000E+00  0.00000000000000E+00  0.00000000000000E+00  0.00000000000000E+00  0.00000000000000E+00  0.00000000000000E+00  0.00000000000000E+00  0.00000000000000E+00  0.00000000000000E+00  0.00000000000000E+00  0.00000000000000E+00
  -0.20686024736235E+05  0.58246034545813E+04 -0.10140590051937E+04 -0.13729955437505E+04  0.33775512953774E+03 -0.12252441076431E+02 -0.17829031890825E+03 -0.72842390060913E+05  0.23195587940739E+05  0.15346679810348E+04 -0.45096475845233E+03 -0.24268662865350E+04 -0.15117517609092E+03 -0.37622091506080E+01 -0.15528157596516E+04  0.16391182254808E+03 -0.13830426425190E+04 -0.70302781993761E+03  0.18211407740555E+05  0.00000000000000E+00  0.00000000000000E+00  0.00000000000000E+00  0.00000000000000E+00  0.00000000000000E+00  0.00000000000000E+00  0.00000000000000E+00  0.00000000000000E+00  0.00000000000000E+00  0.00000000000000E+00  0.00000000000000E+00  0.14913810623370E+05  0.00000000000000E+00  0.00000000000000E+00  0.00000000000000E+00  0.00000000000000E+00  0.00000000000000E+00  0.00000000000000E+00  0.00000000000000E+00  0.00000000000000E+00  0.00000000000000E+00  0.00000000000000E+00
  -0.46756617945753E+05  0.13328199692643E+05 -0.23030119745310E+04 -0.24570826495339E+04  0.58459810592139E+03 -0.52853652344169E+02 -0.30913214034348E+03 -0.16348584831910E+06  0.52171800115815E+05  0.33737526640809E+04 -0.10121445755359E+04 -0.72110699989358E+02 -0.18961320958498E+02 -0.25571586541585E-04 -0.30459192053610E+04  0.32023838968523E+03 -0.27274141946526E+04 -0.13870446184275E+04  0.32910018545818E+05  0.00000000000000E+00  0.00000000000000E+00  0.00000000000000E+00  0.00000000000000E+00  0.00000000000000E+00  0.00000000000000E+00  0.00000000000000E+00  0.00000000000000E+00  0.00000000000000E+00  0.00000000000000E+00  0.00000000000000E+00  0.00000000000000E+00  0.32404824720100E+05  0.00000000000000E+00  0.00000000000000E+00  0.00000000000000E+00  0.00000000000000E+00  0.00000000000000E+00  0.00000000000000E+00  0.00000000000000E+00  0.00000000000000E+00  0.00000000000000E+00
  -0.30680532431417E+04  0.41851158187390E+03 -0.11872047059475E+03 -0.70515125089051E+02  0.91193116703303E+01 -0.19890681435996E+02 -0.13776351042213E+02 -0.13132700403439E+04  0.17352153655116E+03  0.42654674567484E+02 -0.11208556904935E+02 -0.79326855219797E+02 -0.63705323977061E+01 -0.15128365768536E+00 -0.72408315356547E+03  0.81167291045454E+02 -0.66188435652953E+03 -0.36448665938810E+03  0.22404365999566E+03  0.00000000000000E+00  0.00000000000000E+00  0.00000000000000E+00  0.00000000000000E+00  0.00000000000000E+00  0.00000000000000E+00  0.00000000000000E+00  0.00000000000000E+00  0.00000000000000E+00  0.00000000000000E+00  0.00000000000000E+00  0.00000000000000E+00  0.00000000000000E+00  0.37813421404816E+04  0.00000000000000E+00  0.00000000000000E+00  0.00000000000000E+00  0.00000000000000E+00  0.00000000000000E+00  0.00000000000000E+00  0.00000000000000E+00  0.00000000000000E+00
  -0.19849714017268E+06  0.63450647034785E+05 -0.99714242029080E+04 -0.11497787999926E+05  0.29996501167548E+04  0.25187176828083E+03 -0.11420621636263E+04 -0.57634374030507E+04  0.63925321581168E+03  0.57722243496734E+03 -0.50768372866339E+02 -0.20425285284551E+00 -0.14715909318786E+00  0.15685028777125E-12  0.28638708497605E+03 -0.77429769762560E+02  0.10459746069488E+03  0.13799731408499E+03  0.19039217695019E+06  0.00000000000000E+00  0.00000000000000E+00  0.00000000000000E+00  0.24159243074106E+04  0.33966699462566E+04  0.16154952534743E+05  0.00000000000000E+00  0.00000000000000E+00  0.00000000000000E+00  0.00000000000000E+00  0.00000000000000E+00  0.00000000000000E+00  0.00000000000000E+00  0.00000000000000E+00  0.10535266937264E+06  0.00000000000000E+00  0.00000000000000E+00  0.00000000000000E+00  0.00000000000000E+00  0.00000000000000E+00  0.00000000000000E+00  0.00000000000000E+00
  -0.22397204333575E+06  0.71257011116377E+05 -0.11237979526727E+05 -0.51563634546895E+05  0.13301296622215E+05  0.88633271244511E+03 -0.52572337465158E+04 -0.11366370818467E+05  0.12925109413839E+04  0.11006179596507E+04 -0.99965320751348E+02 -0.64309205776798E-11 -0.39851773281934E-11  0.15199824586881E-12  0.51198230668810E+03 -0.13671998831830E+03  0.20371925378428E+03  0.25557458030772E+03  0.83695016392897E+06  0.67880550432917E+03  0.28935184662604E+04  0.34958285194583E+04  0.30029334840734E+04  0.41117987141317E+04  0.20411875643716E+05  0.00000000000000E+00  0.00000000000000E+00  0.00000000000000E+00  0.00000000000000E+00  0.00000000000000E+00  0.00000000000000E+00  0.00000000000000E+00  0.00000000000000E+00  0.00000000000000E+00  0.13892009411099E+06  0.00000000000000E+00  0.00000000000000E+00  0.00000000000000E+00  0.00000000000000E+00  0.00000000000000E+00  0.00000000000000E+00
  -0.89362068091697E+04  0.24212818295135E+04 -0.42982253412864E+03 -0.24319588646013E+04  0.47716364910736E+03 -0.29409535083530E+03 -0.38641586108443E+03  0.26354575246585E+03 -0.12604258824583E+04  0.12958499926700E+03 -0.14445692119832E+02 -0.17553770025209E+01 -0.18437763295359E+00 -0.18499810954591E-02 -0.29274296736505E+04  0.45754844884707E+03 -0.29421346933808E+04 -0.18926599522253E+04  0.25287963916177E+05  0.00000000000000E+00  0.00000000000000E+00  0.00000000000000E+00  0.00000000000000E+00  0.00000000000000E+00  0.00000000000000E+00  0.00000000000000E+00  0.00000000000000E+00  0.00000000000000E+00  0.00000000000000E+00  0.00000000000000E+00  0.00000000000000E+00  0.00000000000000E+00  0.00000000000000E+00  0.00000000000000E+00  0.00000000000000E+00  0.82637595209300E+04  0.00000000000000E+00  0.00000000000000E+00  0.00000000000000E+00  0.00000000000000E+00  0.00000000000000E+00
  -0.31635492227290E+04  0.76873444084451E+03 -0.14955242465306E+03 -0.95107815123224E+03  0.17667149180530E+03 -0.14583879561345E+03 -0.16229587405539E+03  0.25045493085217E+03 -0.69547667333179E+03  0.57875607245060E+02 -0.68541612404914E+01 -0.75609927730116E+00 -0.71890374464328E-01 -0.10165436724548E-02 -0.15440685865309E+04  0.22390248909923E+03 -0.15701544090218E+04 -0.96958468880091E+03  0.79788479992012E+04  0.00000000000000E+00  0.00000000000000E+00  0.00000000000000E+00  0.00000000000000E+00  0.00000000000000E+00  0.00000000000000E+00  0.00000000000000E+00  0.00000000000000E+00  0.00000000000000E+00  0.00000000000000E+00  0.00000000000000E+00  0.00000000000000E+00  0.00000000000000E+00  0.00000000000000E+00  0.00000000000000E+00  0.00000000000000E+00  0.00000000000000E+00  0.42362010553807E+04  0.00000000000000E+00  0.00000000000000E+00  0.00000000000000E+00  0.00000000000000E+00
  -0.15276376661845E+05 -0.23390120227411E+04  0.46630608496972E+02 -0.96775001190877E+04  0.34706625794950E+03 -0.31728255316780E+04 -0.13377283963007E+04 -0.26129491793732E+06  0.11116294028578E+06  0.30731788839200E+04 -0.11666677175071E+04  0.28319249112370E+03  0.28437557376736E+02 -0.17239148682757E+01 -0.23470094643768E+04 -0.32240688831533E+03  0.16396604504628E+04  0.16606901084129E+04 -0.19100912483725E+05  0.00000000000000E+00  0.00000000000000E+00  0.00000000000000E+00  0.00000000000000E+00  0.00000000000000E+00  0.00000000000000E+00  0.00000000000000E+00  0.00000000000000E+00  0.00000000000000E+00  0.00000000000000E+00  0.00000000000000E+00  0.00000000000000E+00  0.00000000000000E+00  0.00000000000000E+00  0.00000000000000E+00  0.00000000000000E+00  0.00000000000000E+00  0.00000000000000E+00  0.12468900936290E+06  0.00000000000000E+00  0.00000000000000E+00  0.00000000000000E+00
   0.16607100217636E+05 -0.22727045025488E+04  0.73256788486934E+03 -0.15900927008416E+05  0.25339802854607E+04 -0.36591288635173E+04 -0.33544454959729E+04 -0.86374615675421E+04  0.15878514221549E+04  0.44217062081343E+03 -0.70486131347718E+02  0.30974232536378E+03  0.69349051051456E+02  0.78159607548513E-04  0.19039916503495E+03 -0.34173771165671E+02  0.26466790341759E+03  0.18060520137066E+03  0.46562994387800E+05 -0.33853931062420E+02 -0.24952921089690E+03 -0.40942113525448E+03 -0.26713681089890E+02 -0.39933261443355E+02 -0.78393049001670E+02  0.00000000000000E+00  0.00000000000000E+00  0.00000000000000E+00  0.00000000000000E+00  0.00000000000000E+00  0.00000000000000E+00  0.00000000000000E+00  0.00000000000000E+00  0.00000000000000E+00  0.00000000000000E+00  0.00000000000000E+00  0.00000000000000E+00  0.00000000000000E+00  0.39675279090057E+05  0.00000000000000E+00  0.00000000000000E+00
