 Correlated errors added in quadrature with statistical errors
 jl00106F2p DIS data with   1.69< Q2 < 0.500D+03 and 0.000 < xB < 1.000 and   3.00< W2 < 0.100D+04 and 0.000 < y < 1.000
   GP TMC applied
   HT corrections, multiplicative C=C(xB)
 Correlated errors added in quadrature with statistical errors
 jl00106F2d DIS data with   1.69< Q2 < 0.500D+03 and 0.000 < xB < 1.000 and   3.00< W2 < 0.100D+04 and 0.000 < y < 1.000
   WBArel smearing  (AV18) - freepar off-shell nuke corrections
   GP TMC applied
   HT corrections, multiplicative C=C(xB)
 Correlated errors added in quadrature with statistical errors
 HerF2pCut  DIS data with   1.69< Q2 < 0.500D+03 and 0.000 < xB < 1.000 and   3.00< W2 < 0.100D+04 and 0.000 < y < 1.000
   GP TMC applied
   HT corrections, multiplicative C=C(xB)
 Correlated errors added in quadrature with statistical errors
 HerF2dCut  DIS data with   1.69< Q2 < 0.500D+03 and 0.000 < xB < 1.000 and   3.00< W2 < 0.100D+04 and 0.000 < y < 1.000
   WBArel smearing  (AV18) - freepar off-shell nuke corrections
   GP TMC applied
   HT corrections, multiplicative C=C(xB)
 Correlated errors added in quadrature with statistical errors
 slac_p     DIS data with   1.69< Q2 < 0.500D+03 and 0.000 < xB < 1.000 and   3.00< W2 < 0.100D+04 and 0.000 < y < 1.000
   GP TMC applied
   HT corrections, multiplicative C=C(xB)
 Correlated errors added in quadrature with statistical errors
 slac_d     DIS data with   1.69< Q2 < 0.500D+03 and 0.000 < xB < 1.000 and   3.00< W2 < 0.100D+04 and 0.000 < y < 1.000
   WBArel smearing  (AV18) - freepar off-shell nuke corrections
   GP TMC applied
   HT corrections, multiplicative C=C(xB)
 Correlated errors treated separately from statistical errors
 BcdF2pCor  DIS data with   1.69< Q2 < 0.500D+03 and 0.000 < xB < 1.000 and   3.00< W2 < 0.100D+04 and 0.000 < y < 1.000
   GP TMC applied
   HT corrections, multiplicative C=C(xB)
 Correlated errors treated separately from statistical errors
 BcdF2dCor  DIS data with   1.69< Q2 < 0.500D+03 and 0.000 < xB < 1.000 and   3.00< W2 < 0.100D+04 and 0.000 < y < 1.000
   WBArel smearing  (AV18) - freepar off-shell nuke corrections
   GP TMC applied
   HT corrections, multiplicative C=C(xB)
 Correlated errors treated separately from statistical errors
 NmcF2pCor  DIS data with   1.69< Q2 < 0.500D+03 and 0.000 < xB < 1.000 and   3.00< W2 < 0.100D+04 and 0.000 < y < 1.000
   GP TMC applied
   HT corrections, multiplicative C=C(xB)
 Correlated errors treated separately from statistical errors
 NmcRatCor  DIS data with   1.69< Q2 < 0.500D+03 and 0.000 < xB < 1.000 and   3.00< W2 < 0.100D+04 and 0.000 < y < 1.000
   WBArel smearing  (AV18) - freepar off-shell nuke corrections
   GP TMC applied
   HT corrections, multiplicative C=C(xB)
 Correlated errors treated separately from statistical errors
 H2_NC_em   DIS data with   1.69< Q2 < 0.100D+06 and 0.000 < xB < 1.000 and   3.00< W2 < 0.100D+08 and 0.000 < y < 1.000
   GP TMC applied
   HT corrections, multiplicative C=C(xB)
 Correlated errors treated separately from statistical errors
 H2_NC_ep_1 DIS data with   1.69< Q2 < 0.100D+06 and 0.000 < xB < 1.000 and   3.00< W2 < 0.100D+08 and 0.000 < y < 1.000
   GP TMC applied
   HT corrections, multiplicative C=C(xB)
 Correlated errors treated separately from statistical errors
 H2_NC_ep_2 DIS data with   1.69< Q2 < 0.100D+06 and 0.000 < xB < 1.000 and   3.00< W2 < 0.100D+08 and 0.000 < y < 1.000
   GP TMC applied
   HT corrections, multiplicative C=C(xB)
 Correlated errors treated separately from statistical errors
 H2_NC_ep_3 DIS data with   1.69< Q2 < 0.100D+06 and 0.000 < xB < 1.000 and   3.00< W2 < 0.100D+08 and 0.000 < y < 1.000
   GP TMC applied
   HT corrections, multiplicative C=C(xB)
 Correlated errors treated separately from statistical errors
 H2_NC_ep_4 DIS data with   1.69< Q2 < 0.100D+06 and 0.000 < xB < 1.000 and   3.00< W2 < 0.100D+08 and 0.000 < y < 1.000
   GP TMC applied
   HT corrections, multiplicative C=C(xB)
 Correlated errors treated separately from statistical errors
 H2_CC_em   DIS data with   1.69< Q2 < 0.100D+06 and 0.000 < xB < 1.000 and   3.00< W2 < 0.100D+08 and 0.000 < y < 1.000
   GP TMC applied
   HT corrections, multiplicative C=C(xB)
 Correlated errors treated separately from statistical errors
 H2_CC_ep   DIS data with   1.69< Q2 < 0.100D+06 and 0.000 < xB < 1.000 and   3.00< W2 < 0.100D+08 and 0.000 < y < 1.000
   GP TMC applied
   HT corrections, multiplicative C=C(xB)
 Correlated errors added in quadrature with statistical errors
 BNS_F2nd   DIS data with   1.69< Q2 < 0.100D+06 and 0.000 < xB < 1.000 and   3.00< W2 < 0.100D+08 and 0.000 < y < 1.000
   WBArel smearing  (AV18) - freepar off-shell nuke corrections
   GP TMC applied
   HT corrections, multiplicative C=C(xB)
 Correlated errors added in quadrature with statistical errors
 e866pp06xf vector boson data with Q2 >=  36.00
 Correlated errors added in quadrature with statistical errors
 e866pd06xf vector boson data with Q2 >=  36.00
 Correlated errors added in quadrature with statistical errors
 cdfLasy05  vector boson data with Q2 >=   0.00
 Correlated errors added in quadrature with statistical errors
 d0Lasy_e15 vector boson data with Q2 >=   0.00
 Correlated errors added in quadrature with statistical errors
 d0Lasy13   vector boson data with Q2 >=   0.00
 Correlated errors added in quadrature with statistical errors
 CDF_Wasy   vector boson data with Q2 >=   0.00
 Correlated errors added in quadrature with statistical errors
 D0_Wasy    vector boson data with Q2 >=   0.00
 Correlated errors added in quadrature with statistical errors
 CDF_Z      vector boson data with Q2 >=   0.00
 Correlated errors added in quadrature with statistical errors
 D0_Z       vector boson data with Q2 >=   0.00
 Correlated errors added in quadrature with statistical errors
 d0run2coneJet data - errors added in quadrature
 Correlated errors added in quadrature with statistical errors
 CDFrun2jetJet data - errors added in quadrature
 Correlated errors added in quadrature with statistical errors
 d0_gamjet1 Photon data -- cuts to be written yet ...
 Correlated errors added in quadrature with statistical errors
 d0_gamjet2 Photon data -- cuts to be written yet ...
 Correlated errors added in quadrature with statistical errors
 d0_gamjet3 Photon data -- cuts to be written yet ...
 Correlated errors added in quadrature with statistical errors
 d0_gamjet4 Photon data -- cuts to be written yet ...

# fitpack15: fit output
# CJ15 AV18 final data choices                                                 

Parametrization   7 used here

 S-ACOT scheme used  for NC DIS

 charm mass =     1.30 GeV     bottom mass =     4.50 GeV



 THIS IS A NEXT TO LEADING ORDER FIT

 Q02=    1.69
         1  LAMBDA      VALUE=   0.22680      WEIGHT=    0.0000    
         2  a0uv        VALUE=    2.3582      WEIGHT=    0.0000    
         3  a1uv        VALUE=   0.61026      WEIGHT=   0.20370E-01
         4  a2uv        VALUE=    3.5472      WEIGHT=   0.12283E-01
         5  a3uv        VALUE=    0.0000      WEIGHT=    0.0000    
         6  a4uv        VALUE=    3.5532      WEIGHT=   0.44812    
         7  a5uv        VALUE=    0.0000      WEIGHT=    0.0000    
         8  a0dv        VALUE=    24.904      WEIGHT=    0.0000    
         9  a1dv        VALUE=    1.1593      WEIGHT=   0.33146E-01
        10  a2dv        VALUE=    6.6165      WEIGHT=   0.16667    
        11  a3dv        VALUE=   -3.5152      WEIGHT=   0.88423E-01
        12  a4dv        VALUE=    4.7073      WEIGHT=   0.15427    
        13  a5dv        VALUE=    0.0000      WEIGHT=    0.0000    
        14  a0ud        VALUE=   0.14578      WEIGHT=   0.50606E-02
        15  a1ud        VALUE=  -0.20825      WEIGHT=   0.37844E-02
        16  a2ud        VALUE=    8.3222      WEIGHT=   0.18976    
        17  a3ud        VALUE=    0.0000      WEIGHT=    0.0000    
        18  a4ud        VALUE=    14.490      WEIGHT=    1.2479    
        19  a5ud        VALUE=    0.0000      WEIGHT=    0.0000    
        20  a0du        VALUE=    35712.      WEIGHT=    0.0000    
        21  a1du        VALUE=    4.0618      WEIGHT=   0.88100E-01
        22  a2du        VALUE=    20.234      WEIGHT=   0.94625    
        23  a3du        VALUE=    17.000      WEIGHT=    0.0000    
        24  a4du        VALUE=    59.846      WEIGHT=    15.050    
        25  a0g         VALUE=    46.313      WEIGHT=    0.0000    
        26  a1g         VALUE=   0.60481      WEIGHT=   0.30270E-01
        27  a2g         VALUE=    6.2498      WEIGHT=   0.90795    
        28  a3g         VALUE=   -3.3664      WEIGHT=   0.12722    
        29  a4g         VALUE=    3.2450      WEIGHT=   0.29251    
        30  a5g         VALUE=    0.0000      WEIGHT=    0.0000    
        31  kappa       VALUE=   0.40000      WEIGHT=    0.0000    
        32  a6dv        VALUE=  -0.41389E-02  WEIGHT=   0.77794E-03
        33  a7dv        VALUE=    2.0000      WEIGHT=    0.0000    
        34  off1        VALUE=  -0.20655      WEIGHT=   0.10000    
        35  off2        VALUE=    2.5915      WEIGHT=    1.0000    
        36  off3        VALUE=   -9.4263      WEIGHT=    1.0000    
        37  ht1         VALUE=   -3.2874      WEIGHT=   0.26061    
        38  ht2         VALUE=    1.9274      WEIGHT=   0.10524    
        39  ht3         VALUE=   -2.0701      WEIGHT=   0.19888E-01
        40  ht4         VALUE=    0.0000      WEIGHT=    0.0000    
        41  dummy41     VALUE=    0.0000      WEIGHT=    0.0000    
        42  dummy42     VALUE=    0.0000      WEIGHT=    0.0000    
        43  dummy43     VALUE=    0.0000      WEIGHT=    0.0000    
        44  dummy44     VALUE=    0.0000      WEIGHT=    0.0000    
        45  dummy45     VALUE=    0.0000      WEIGHT=    0.0000    
        46  dummy46     VALUE=    0.0000      WEIGHT=    0.0000    
        47  dummy47     VALUE=    0.0000      WEIGHT=    0.0000    
        48  dummy48     VALUE=    0.0000      WEIGHT=    0.0000    
        49  dummy49     VALUE=    0.0000      WEIGHT=    0.0000    
        50  bcdmsh2     VALUE=   0.97156      WEIGHT=   0.48614E-02
        51  bcdmsd2     VALUE=   0.99377      WEIGHT=   0.58578E-02
        52  ccfr        VALUE=    1.0000      WEIGHT=    0.0000    
        53  nutev       VALUE=    1.0000      WEIGHT=    0.0000    
        54  zeus        VALUE=   0.97998      WEIGHT=    0.0000    
        55  h1          VALUE=    1.0162      WEIGHT=    0.0000    
        56  e605        VALUE=    1.0319      WEIGHT=    0.0000    
        57  NmcH2       VALUE=    1.0090      WEIGHT=   0.71416E-02
        58  ntv_nu      VALUE=    1.0000      WEIGHT=    0.0000    
        59  ntv_nuba    VALUE=    1.0000      WEIGHT=    0.0000    
        60  cdf_jet     VALUE=   0.98910      WEIGHT=    0.0000    
        61  d0_jet      VALUE=   0.83504      WEIGHT=    0.0000    
        62  slac_p      VALUE=    1.0037      WEIGHT=   0.48583E-02
        63  slac_d      VALUE=    1.0050      WEIGHT=   0.53349E-02
        64  e866pp      VALUE=   0.96705      WEIGHT=   0.19176E-01
        65  e866pd      VALUE=   0.95602      WEIGHT=   0.17669E-01
        66  d0_gamje    VALUE=    1.0396      WEIGHT=   0.16513E-01
        67  h1b         VALUE=   0.97608      WEIGHT=    0.0000    
        68  jlab_p      VALUE=   0.99508      WEIGHT=   0.58350E-02
        69  jlab_d      VALUE=   0.97805      WEIGHT=   0.60059E-02
        70  blank       VALUE=    1.0000      WEIGHT=    0.0000    
        71  d0run2      VALUE=   0.94743      WEIGHT=   0.14830E-01
        72  cdfrun2     VALUE=   0.93197      WEIGHT=   0.17550E-01
        73  HERA_el     VALUE=    1.0000      WEIGHT=    0.0000    
        74  HERA_ps     VALUE=    1.0000      WEIGHT=    0.0000    
        75  CDF_Z       VALUE=   0.96181      WEIGHT=   0.67127E-02
        76  NmcRat      VALUE=    1.0000      WEIGHT=    0.0000    
        77  BNS_F2nd    VALUE=   0.97668      WEIGHT=   0.73637E-02
        78  HERMES_F    VALUE=   0.99710      WEIGHT=   0.56156E-02
        79  HERMES_F    VALUE=   0.98065      WEIGHT=   0.58612E-02
0THE TOLERANCE IS    0.1000
 THE MAXIMUM NUMBER OF STEPS IS 100
0THE INITIAL CHI SQUARED IS  6.87375E+03
0  STEP  CHI SQUARED    PARAMETER      VALUE         ERROR
 ------------------------------------------------------------
     1    4.70336E+03
                       1  LAMBDA     2.2680E-01       FIX 
                       2  a0uv       2.3159E+00       FIX 
                       3  a1uv       6.0635E-01           
                       4  a2uv       3.5512E+00           
                       5  a3uv       0.0000E+00       FIX 
                       6  a4uv       3.6583E+00           
                       7  a5uv       0.0000E+00       FIX 
                       8  a0dv       2.5581E+01       FIX 
                       9  a1dv       1.1655E+00           
                      10  a2dv       6.5778E+00           
                      11  a3dv      -3.5176E+00           
                      12  a4dv       4.6610E+00           
                      13  a5dv       0.0000E+00       FIX 
                      14  a0ud       1.4525E-01           
                      15  a1ud      -2.0864E-01           
                      16  a2ud       8.3132E+00           
                      17  a3ud       0.0000E+00       FIX 
                      18  a4ud       1.4269E+01           
                      19  a5ud       0.0000E+00       FIX 
                      20  a0du       3.5712E+04       FIX 
                      21  a1du       4.1242E+00           
                      22  a2du       2.0267E+01           
                      23  a3du       1.7000E+01       FIX 
                      24  a4du       6.8847E+01           
                      25  a0g        4.6645E+01       FIX 
                      26  a1g        6.0669E-01           
                      27  a2g        6.3261E+00           
                      28  a3g       -3.3721E+00           
                      29  a4g        3.2763E+00           
                      30  a5g        0.0000E+00       FIX 
                      31  kappa      4.0000E-01       FIX 
                      32  a6dv      -3.4649E-03           
                      33  a7dv       2.0000E+00       FIX 
                      34  off1      -2.5090E-01           
                      35  off2       1.3966E+00           
                      36  off3      -2.3302E+00           
                      37  ht1       -3.2942E+00           
                      38  ht2        1.9287E+00           
                      39  ht3       -2.1018E+00           
                      40  ht4        0.0000E+00       FIX 
                      41  dummy41    0.0000E+00       FIX 
                      42  dummy42    0.0000E+00       FIX 
                      43  dummy43    0.0000E+00       FIX 
                      44  dummy44    0.0000E+00       FIX 
                      45  dummy45    0.0000E+00       FIX 
                      46  dummy46    0.0000E+00       FIX 
                      47  dummy47    0.0000E+00       FIX 
                      48  dummy48    0.0000E+00       FIX 
                      49  dummy49    0.0000E+00       FIX 
                      50  bcdmsh2    9.7157E-01           
                      51  bcdmsd2    9.9307E-01           
                      52  ccfr       1.0000E+00       FIX 
                      53  nutev      1.0000E+00       FIX 
                      54  zeus       9.7998E-01       FIX 
                      55  h1         1.0162E+00       FIX 
                      56  e605       1.0319E+00       FIX 
                      57  NmcH2      1.0084E+00           
                      58  ntv_nu     1.0000E+00       FIX 
                      59  ntv_nuba   1.0000E+00       FIX 
                      60  cdf_jet    9.8910E-01       FIX 
                      61  d0_jet     8.3504E-01       FIX 
                      62  slac_p     1.0035E+00           
                      63  slac_d     1.0034E+00           
                      64  e866pp     9.7106E-01           
                      65  e866pd     9.4862E-01           
                      66  d0_gamje   1.0408E+00           
                      67  h1b        9.7608E-01       FIX 
                      68  jlab_p     9.9542E-01           
                      69  jlab_d     9.7632E-01           
                      70  blank      1.0000E+00       FIX 
                      71  d0run2     9.4870E-01           
                      72  cdfrun2    9.3352E-01           
                      73  HERA_el    1.0000E+00       FIX 
                      74  HERA_ps    1.0000E+00       FIX 
                      75  CDF_Z      9.5878E-01           
                      76  NmcRat     1.0000E+00       FIX 
                      77  BNS_F2nd   9.7663E-01           
                      78  HERMES_F   9.9666E-01           
                      79  HERMES_F   9.7952E-01           
 ------------------------------------------------------------
     2    4.70241E+03
                       1  LAMBDA     2.2680E-01       FIX 
                       2  a0uv       2.2707E+00       FIX 
                       3  a1uv       6.0165E-01           
                       4  a2uv       3.5511E+00           
                       5  a3uv       0.0000E+00       FIX 
                       6  a4uv       3.7482E+00           
                       7  a5uv       0.0000E+00       FIX 
                       8  a0dv       2.5561E+01       FIX 
                       9  a1dv       1.1663E+00           
                      10  a2dv       6.5886E+00           
                      11  a3dv      -3.5091E+00           
                      12  a4dv       4.6535E+00           
                      13  a5dv       0.0000E+00       FIX 
                      14  a0ud       1.4565E-01           
                      15  a1ud      -2.0837E-01           
                      16  a2ud       8.3550E+00           
                      17  a3ud       0.0000E+00       FIX 
                      18  a4ud       1.4389E+01           
                      19  a5ud       0.0000E+00       FIX 
                      20  a0du       3.5712E+04       FIX 
                      21  a1du       4.0950E+00           
                      22  a2du       2.0649E+01           
                      23  a3du       1.7000E+01       FIX 
                      24  a4du       5.7155E+01           
                      25  a0g        4.7242E+01       FIX 
                      26  a1g        6.0908E-01           
                      27  a2g        6.2838E+00           
                      28  a3g       -3.3859E+00           
                      29  a4g        3.2887E+00           
                      30  a5g        0.0000E+00       FIX 
                      31  kappa      4.0000E-01       FIX 
                      32  a6dv      -3.6816E-03           
                      33  a7dv       2.0000E+00       FIX 
                      34  off1      -1.7026E-01           
                      35  off2       6.8004E-01           
                      36  off3      -1.3222E+00           
                      37  ht1       -3.2861E+00           
                      38  ht2        1.9297E+00           
                      39  ht3       -2.1040E+00           
                      40  ht4        0.0000E+00       FIX 
                      41  dummy41    0.0000E+00       FIX 
                      42  dummy42    0.0000E+00       FIX 
                      43  dummy43    0.0000E+00       FIX 
                      44  dummy44    0.0000E+00       FIX 
                      45  dummy45    0.0000E+00       FIX 
                      46  dummy46    0.0000E+00       FIX 
                      47  dummy47    0.0000E+00       FIX 
                      48  dummy48    0.0000E+00       FIX 
                      49  dummy49    0.0000E+00       FIX 
                      50  bcdmsh2    9.7078E-01           
                      51  bcdmsd2    9.9320E-01           
                      52  ccfr       1.0000E+00       FIX 
                      53  nutev      1.0000E+00       FIX 
                      54  zeus       9.7998E-01       FIX 
                      55  h1         1.0162E+00       FIX 
                      56  e605       1.0319E+00       FIX 
                      57  NmcH2      1.0075E+00           
                      58  ntv_nu     1.0000E+00       FIX 
                      59  ntv_nuba   1.0000E+00       FIX 
                      60  cdf_jet    9.8910E-01       FIX 
                      61  d0_jet     8.3504E-01       FIX 
                      62  slac_p     1.0029E+00           
                      63  slac_d     1.0037E+00           
                      64  e866pp     9.7052E-01           
                      65  e866pd     9.4950E-01           
                      66  d0_gamje   1.0401E+00           
                      67  h1b        9.7608E-01       FIX 
                      68  jlab_p     9.9500E-01           
                      69  jlab_d     9.7640E-01           
                      70  blank      1.0000E+00       FIX 
                      71  d0run2     9.4939E-01           
                      72  cdfrun2    9.3413E-01           
                      73  HERA_el    1.0000E+00       FIX 
                      74  HERA_ps    1.0000E+00       FIX 
                      75  CDF_Z      9.5879E-01           
                      76  NmcRat     1.0000E+00       FIX 
                      77  BNS_F2nd   9.7465E-01           
                      78  HERMES_F   9.9598E-01           
                      79  HERMES_F   9.7965E-01           
 ------------------------------------------------------------
     3    4.70048E+03
                       1  LAMBDA     2.2680E-01       FIX 
                       2  a0uv       2.1435E+00       FIX 
                       3  a1uv       5.8855E-01           
                       4  a2uv       3.5551E+00           
                       5  a3uv       0.0000E+00       FIX 
                       6  a4uv       4.0479E+00           
                       7  a5uv       0.0000E+00       FIX 
                       8  a0dv       2.5218E+01       FIX 
                       9  a1dv       1.1612E+00           
                      10  a2dv       6.5998E+00           
                      11  a3dv      -3.5211E+00           
                      12  a4dv       4.6887E+00           
                      13  a5dv       0.0000E+00       FIX 
                      14  a0ud       1.4394E-01           
                      15  a1ud      -2.0950E-01           
                      16  a2ud       8.4051E+00           
                      17  a3ud       0.0000E+00       FIX 
                      18  a4ud       1.4830E+01           
                      19  a5ud       0.0000E+00       FIX 
                      20  a0du       3.5712E+04       FIX 
                      21  a1du       4.1210E+00           
                      22  a2du       2.0709E+01           
                      23  a3du       1.7000E+01       FIX 
                      24  a4du       6.3143E+01           
                      25  a0g        4.6474E+01       FIX 
                      26  a1g        6.0570E-01           
                      27  a2g        6.2405E+00           
                      28  a3g       -3.3923E+00           
                      29  a4g        3.3078E+00           
                      30  a5g        0.0000E+00       FIX 
                      31  kappa      4.0000E-01       FIX 
                      32  a6dv      -3.8813E-03           
                      33  a7dv       2.0000E+00       FIX 
                      34  off1      -1.5904E-01           
                      35  off2       4.5967E-01           
                      36  off3      -9.8707E-01           
                      37  ht1       -3.3090E+00           
                      38  ht2        1.9499E+00           
                      39  ht3       -2.1057E+00           
                      40  ht4        0.0000E+00       FIX 
                      41  dummy41    0.0000E+00       FIX 
                      42  dummy42    0.0000E+00       FIX 
                      43  dummy43    0.0000E+00       FIX 
                      44  dummy44    0.0000E+00       FIX 
                      45  dummy45    0.0000E+00       FIX 
                      46  dummy46    0.0000E+00       FIX 
                      47  dummy47    0.0000E+00       FIX 
                      48  dummy48    0.0000E+00       FIX 
                      49  dummy49    0.0000E+00       FIX 
                      50  bcdmsh2    9.6979E-01           
                      51  bcdmsd2    9.9264E-01           
                      52  ccfr       1.0000E+00       FIX 
                      53  nutev      1.0000E+00       FIX 
                      54  zeus       9.7998E-01       FIX 
                      55  h1         1.0162E+00       FIX 
                      56  e605       1.0319E+00       FIX 
                      57  NmcH2      1.0068E+00           
                      58  ntv_nu     1.0000E+00       FIX 
                      59  ntv_nuba   1.0000E+00       FIX 
                      60  cdf_jet    9.8910E-01       FIX 
                      61  d0_jet     8.3504E-01       FIX 
                      62  slac_p     1.0019E+00           
                      63  slac_d     1.0031E+00           
                      64  e866pp     9.7543E-01           
                      65  e866pd     9.5077E-01           
                      66  d0_gamje   1.0395E+00           
                      67  h1b        9.7608E-01       FIX 
                      68  jlab_p     9.9430E-01           
                      69  jlab_d     9.7585E-01           
                      70  blank      1.0000E+00       FIX 
                      71  d0run2     9.5166E-01           
                      72  cdfrun2    9.3627E-01           
                      73  HERA_el    1.0000E+00       FIX 
                      74  HERA_ps    1.0000E+00       FIX 
                      75  CDF_Z      9.5657E-01           
                      76  NmcRat     1.0000E+00       FIX 
                      77  BNS_F2nd   9.7307E-01           
                      78  HERMES_F   9.9508E-01           
                      79  HERMES_F   9.7903E-01           
 ------------------------------------------------------------
     4    4.70043E+03
                       1  LAMBDA     2.2680E-01    0.0000E+00
                       2  a0uv       2.1433E+00    0.0000E+00
                       3  a1uv       5.8849E-01    2.1847E-02
                       4  a2uv       3.5552E+00    1.1495E-02
                       5  a3uv       0.0000E+00    0.0000E+00
                       6  a4uv       4.0474E+00    5.2830E-01
                       7  a5uv       0.0000E+00    0.0000E+00
                       8  a0dv       2.5220E+01    0.0000E+00
                       9  a1dv       1.1612E+00    3.2252E-02
                      10  a2dv       6.6002E+00    1.5830E-01
                      11  a3dv      -3.5208E+00    8.3583E-02
                      12  a4dv       4.6883E+00    1.3757E-01
                      13  a5dv       0.0000E+00    0.0000E+00
                      14  a0ud       1.4397E-01    4.9806E-03
                      15  a1ud      -2.0946E-01    3.7690E-03
                      16  a2ud       8.4052E+00    1.8945E-01
                      17  a3ud       0.0000E+00    0.0000E+00
                      18  a4ud       1.4837E+01    1.2487E+00
                      19  a5ud       0.0000E+00    0.0000E+00
                      20  a0du       3.5712E+04    0.0000E+00
                      21  a1du       4.1176E+00    1.0289E-01
                      22  a2du       2.0722E+01    1.0829E+00
                      23  a3du       1.7000E+01    0.0000E+00
                      24  a4du       6.1756E+01    1.7037E+01
                      25  a0g        4.6612E+01    0.0000E+00
                      26  a1g        6.0619E-01    3.0299E-02
                      27  a2g        6.2451E+00    8.6024E-01
                      28  a3g       -3.3925E+00    1.2478E-01
                      29  a4g        3.3069E+00    2.9612E-01
                      30  a5g        0.0000E+00    0.0000E+00
                      31  kappa      4.0000E-01    0.0000E+00
                      32  a6dv      -3.8833E-03    6.9592E-04
                      33  a7dv       2.0000E+00    0.0000E+00
                      34  off1      -1.5805E-01    1.2263E-01
                      35  off2       4.5820E-01    7.4883E-01
                      36  off3      -9.8925E-01    1.0430E+00
                      37  ht1       -3.3093E+00    2.7579E-01
                      38  ht2        1.9501E+00    1.1414E-01
                      39  ht3       -2.1061E+00    2.9531E-02
                      40  ht4        0.0000E+00    0.0000E+00
                      41  dummy41    0.0000E+00    0.0000E+00
                      42  dummy42    0.0000E+00    0.0000E+00
                      43  dummy43    0.0000E+00    0.0000E+00
                      44  dummy44    0.0000E+00    0.0000E+00
                      45  dummy45    0.0000E+00    0.0000E+00
                      46  dummy46    0.0000E+00    0.0000E+00
                      47  dummy47    0.0000E+00    0.0000E+00
                      48  dummy48    0.0000E+00    0.0000E+00
                      49  dummy49    0.0000E+00    0.0000E+00
                      50  bcdmsh2    9.6972E-01    4.8671E-03
                      51  bcdmsd2    9.9260E-01    5.8583E-03
                      52  ccfr       1.0000E+00    0.0000E+00
                      53  nutev      1.0000E+00    0.0000E+00
                      54  zeus       9.7998E-01    0.0000E+00
                      55  h1         1.0162E+00    0.0000E+00
                      56  e605       1.0319E+00    0.0000E+00
                      57  NmcH2      1.0067E+00    7.1126E-03
                      58  ntv_nu     1.0000E+00    0.0000E+00
                      59  ntv_nuba   1.0000E+00    0.0000E+00
                      60  cdf_jet    9.8910E-01    0.0000E+00
                      61  d0_jet     8.3504E-01    0.0000E+00
                      62  slac_p     1.0018E+00    4.8736E-03
                      63  slac_d     1.0030E+00    5.3132E-03
                      64  e866pp     9.7539E-01    1.9338E-02
                      65  e866pd     9.5075E-01    1.7269E-02
                      66  d0_gamje   1.0395E+00    1.6514E-02
                      67  h1b        9.7608E-01    0.0000E+00
                      68  jlab_p     9.9424E-01    5.8420E-03
                      69  jlab_d     9.7581E-01    5.9568E-03
                      70  blank      1.0000E+00    0.0000E+00
                      71  d0run2     9.5205E-01    1.4877E-02
                      72  cdfrun2    9.3661E-01    1.7607E-02
                      73  HERA_el    1.0000E+00    0.0000E+00
                      74  HERA_ps    1.0000E+00    0.0000E+00
                      75  CDF_Z      9.5641E-01    6.5942E-03
                      76  NmcRat     1.0000E+00    0.0000E+00
                      77  BNS_F2nd   9.7318E-01    7.2400E-03
                      78  HERMES_F   9.9501E-01    5.6129E-03
                      79  HERMES_F   9.7898E-01    5.8485E-03
0 MINIMIZATION TERMINATED WITH STEP  4
  TOLERANCE CRITERION      SATISFIED
0 CHI SQUARED PER DEGREE OF FREEDOM IS  1.044E+00
   1.000 -0.327 -0.982  0.260 -0.011  0.141 -0.334  0.444  0.386 -0.322 -0.543 -0.122 -0.209  0.103  0.164  0.112 -0.006  0.012  0.255 -0.237  0.226 -0.182  0.101 -0.215  0.056  0.317  0.254  0.169  0.310  0.274 -0.408 -0.274  0.103  0.215  0.218 -0.118 -0.103  0.365  0.042  0.268  0.236
  -0.327  1.000  0.470  0.256  0.353 -0.224  0.191 -0.129 -0.122  0.351  0.241  0.224 -0.022  0.131  0.002  0.091  0.050  0.018 -0.198 -0.036  0.002 -0.010 -0.548  0.346  0.280  0.138  0.072  0.042  0.034  0.053  0.163  0.008  0.011  0.126  0.140 -0.079 -0.041 -0.033 -0.097  0.077  0.068
  -0.982  0.470  1.000 -0.177  0.082 -0.178  0.349 -0.428 -0.377  0.374  0.569  0.151  0.202 -0.070 -0.137 -0.063  0.026 -0.009 -0.257  0.217 -0.203  0.162 -0.180  0.257  0.020 -0.208 -0.176 -0.110 -0.199 -0.177  0.466  0.318 -0.089 -0.116 -0.129  0.069  0.066 -0.290 -0.040 -0.169 -0.147
   0.260  0.256 -0.177  1.000  0.820 -0.643  0.059  0.145  0.097 -0.092 -0.188  0.289 -0.243  0.142  0.334  0.249 -0.215  0.232  0.261 -0.108  0.074 -0.021 -0.258  0.142  0.238  0.298  0.218  0.122  0.302  0.241  0.032 -0.088  0.053  0.251  0.158 -0.080 -0.071  0.217 -0.002  0.281  0.233
  -0.011  0.353  0.082  0.820  1.000 -0.873  0.560 -0.084 -0.098  0.189  0.127  0.156 -0.031  0.151  0.206  0.155 -0.222  0.212 -0.158 -0.023 -0.031  0.083 -0.128 -0.008  0.112  0.166  0.120  0.108  0.124  0.078  0.103 -0.004  0.020  0.135 -0.016 -0.018 -0.025  0.098 -0.016  0.136  0.107
   0.141 -0.224 -0.178 -0.643 -0.873  1.000 -0.755  0.260  0.253 -0.177 -0.280 -0.059  0.035 -0.227 -0.163 -0.212  0.223 -0.264  0.011  0.050 -0.094  0.077  0.176 -0.088 -0.133 -0.086 -0.060 -0.125 -0.065 -0.035 -0.152 -0.122  0.010 -0.073  0.050  0.018  0.014 -0.045 -0.121 -0.096 -0.080
  -0.334  0.191  0.349  0.059  0.560 -0.755  1.000 -0.394 -0.356  0.475  0.575 -0.242  0.266  0.055 -0.055  0.057 -0.071  0.097 -0.365  0.110 -0.017 -0.012  0.017 -0.094 -0.004 -0.033 -0.027  0.105 -0.072 -0.075  0.177  0.264 -0.046 -0.024 -0.138 -0.008 -0.005  0.004  0.162 -0.031 -0.020
   0.444 -0.129 -0.428  0.145 -0.084  0.260 -0.394  1.000  0.967 -0.411 -0.776  0.026 -0.128 -0.126 -0.066 -0.024  0.173 -0.129  0.137  0.002 -0.003  0.012 -0.035 -0.013  0.071  0.235  0.189  0.160  0.234  0.212 -0.093 -0.058  0.084  0.166  0.185  0.007  0.004  0.327  0.008  0.214  0.186
   0.386 -0.122 -0.377  0.097 -0.098  0.253 -0.356  0.967  1.000 -0.365 -0.728  0.016 -0.105 -0.115 -0.174 -0.091  0.212 -0.178  0.110  0.001 -0.008  0.017 -0.026 -0.014  0.046  0.182  0.147  0.136  0.174  0.158 -0.102 -0.072  0.073  0.122  0.140  0.028  0.019  0.258 -0.004  0.160  0.138
  -0.322  0.351  0.374 -0.092  0.189 -0.177  0.475 -0.411 -0.365  1.000  0.760 -0.334  0.473 -0.202 -0.063 -0.162 -0.191  0.053 -0.294  0.301 -0.317  0.260  0.113 -0.050 -0.182 -0.085 -0.047  0.018 -0.074 -0.036  0.016  0.088 -0.033 -0.018 -0.029  0.126  0.069 -0.059 -0.091 -0.031  0.005
  -0.543  0.241  0.569 -0.188  0.127 -0.280  0.575 -0.776 -0.728  0.760  1.000 -0.298  0.372 -0.185 -0.042 -0.092 -0.088 -0.012 -0.250  0.340 -0.225  0.136  0.127 -0.117 -0.103 -0.036 -0.020  0.054 -0.001  0.024  0.320  0.450 -0.097  0.032  0.013 -0.045 -0.059  0.025  0.091  0.020  0.060
  -0.122  0.224  0.151  0.289  0.156 -0.059 -0.242  0.026  0.016 -0.334 -0.298  1.000 -0.650  0.488  0.082  0.034 -0.111  0.104  0.115 -0.536  0.306 -0.186 -0.185  0.216  0.050  0.003  0.037 -0.006  0.020  0.013  0.252 -0.250  0.050  0.037  0.015  0.087  0.068 -0.274 -0.178  0.047 -0.009
  -0.209 -0.022  0.202 -0.243 -0.031  0.035  0.266 -0.128 -0.105  0.473  0.372 -0.650  1.000 -0.160 -0.205 -0.181  0.150 -0.196 -0.267  0.250 -0.331  0.316  0.199 -0.215 -0.112 -0.002 -0.005  0.012 -0.024 -0.016  0.108  0.161 -0.021 -0.018 -0.015 -0.020 -0.026  0.022 -0.159 -0.036 -0.014
   0.103  0.131 -0.070  0.142  0.151 -0.227  0.055 -0.126 -0.115 -0.202 -0.185  0.488 -0.160  1.000 -0.014  0.133 -0.122  0.194  0.061 -0.789  0.499 -0.331 -0.129  0.157  0.036  0.084  0.077  0.123  0.078  0.037  0.108 -0.305  0.088  0.068  0.025  0.073  0.065 -0.301 -0.255  0.082  0.042
   0.164  0.002 -0.137  0.334  0.206 -0.163 -0.055 -0.066 -0.174 -0.063 -0.042  0.082 -0.205 -0.014  1.000  0.703 -0.704  0.792  0.152  0.010  0.028 -0.024 -0.067  0.128  0.098  0.119  0.091 -0.047  0.169  0.152 -0.082 -0.047  0.030  0.114  0.111 -0.044 -0.007  0.123  0.057  0.151  0.140
   0.112  0.091 -0.063  0.249  0.155 -0.212  0.057 -0.024 -0.091 -0.162 -0.092  0.034 -0.181  0.133  0.703  1.000 -0.296  0.735  0.140 -0.079  0.145 -0.125 -0.333  0.406  0.385  0.147  0.098  0.030  0.240  0.210 -0.027  0.022  0.035  0.152  0.156 -0.283 -0.131  0.120  0.135  0.207  0.192
  -0.006  0.050  0.026 -0.215 -0.222  0.223 -0.071  0.173  0.212 -0.191 -0.088 -0.111  0.150 -0.122 -0.704 -0.296  1.000 -0.845 -0.049  0.036  0.040 -0.053 -0.176  0.005  0.297  0.127  0.074  0.144  0.131  0.106  0.205  0.251 -0.021  0.108  0.106 -0.371 -0.267  0.232  0.123  0.078  0.061
   0.012  0.018 -0.009  0.232  0.212 -0.264  0.097 -0.129 -0.178  0.053 -0.012  0.104 -0.196  0.194  0.792  0.735 -0.845  1.000  0.086 -0.090  0.049 -0.022 -0.077  0.271 -0.020 -0.090 -0.061 -0.124 -0.050 -0.041 -0.206 -0.232  0.035 -0.065 -0.055  0.158  0.163 -0.203 -0.046 -0.018 -0.009
   0.255 -0.198 -0.257  0.261 -0.158  0.011 -0.365  0.137  0.110 -0.294 -0.250  0.115 -0.267  0.061  0.152  0.140 -0.049  0.086  1.000 -0.152  0.301 -0.397 -0.280  0.281  0.215  0.132  0.092  0.042  0.175  0.168 -0.065 -0.041  0.023  0.115  0.178 -0.076 -0.048  0.123  0.120  0.162  0.141
  -0.237 -0.036  0.217 -0.108 -0.023  0.050  0.110  0.002  0.001  0.301  0.340 -0.536  0.250 -0.789  0.010 -0.079  0.036 -0.090 -0.152  1.000 -0.730  0.552  0.077 -0.090 -0.020 -0.070 -0.082 -0.048 -0.058 -0.034 -0.004  0.395 -0.089 -0.050 -0.024 -0.046 -0.044  0.271  0.182 -0.042 -0.043
   0.226  0.002 -0.203  0.074 -0.031 -0.094 -0.017 -0.003 -0.008 -0.317 -0.225  0.306 -0.331  0.499  0.028  0.145  0.040  0.049  0.301 -0.730  1.000 -0.947 -0.086  0.079  0.088  0.156 -0.086  0.086  0.165 -0.095  0.017 -0.120  0.047  0.117 -0.081 -0.070 -0.041 -0.031  0.295  0.118 -0.044
  -0.182 -0.010  0.162 -0.021  0.083  0.077 -0.012  0.012  0.017  0.260  0.136 -0.186  0.316 -0.331 -0.024 -0.125 -0.053 -0.022 -0.397  0.552 -0.947  1.000  0.075 -0.067 -0.096 -0.155  0.091 -0.091 -0.151  0.061 -0.018  0.010 -0.024 -0.083  0.038  0.096  0.062 -0.052 -0.369 -0.124  0.028
   0.101 -0.548 -0.180 -0.258 -0.128  0.176  0.017 -0.035 -0.026  0.113  0.127 -0.185  0.199 -0.129 -0.067 -0.333 -0.176 -0.077 -0.280  0.077 -0.086  0.075  1.000 -0.823 -0.585 -0.066 -0.038  0.024 -0.068 -0.065  0.024  0.091 -0.016 -0.152 -0.170  0.184  0.083  0.041 -0.042 -0.073 -0.064
  -0.215  0.346  0.257  0.142 -0.008 -0.088 -0.094 -0.013 -0.014 -0.050 -0.117  0.216 -0.215  0.157  0.128  0.406  0.005  0.271  0.281 -0.090  0.079 -0.067 -0.823  1.000  0.312 -0.098 -0.088 -0.121  0.049  0.051 -0.096 -0.192  0.016  0.048  0.103 -0.036  0.037 -0.245 -0.010  0.024  0.017
   0.056  0.280  0.020  0.238  0.112 -0.133 -0.004  0.071  0.046 -0.182 -0.103  0.050 -0.112  0.036  0.098  0.385  0.297 -0.020  0.215 -0.020  0.088 -0.096 -0.585  0.312  1.000  0.240  0.182  0.088  0.080  0.079  0.105  0.130  0.015 -0.012  0.020 -0.338 -0.212  0.216  0.137  0.131  0.125
   0.317  0.138 -0.208  0.298  0.166 -0.086 -0.033  0.235  0.182 -0.085 -0.036  0.003 -0.002  0.084  0.119  0.147  0.127 -0.090  0.132 -0.070  0.156 -0.155 -0.066 -0.098  0.240  1.000  0.486  0.389  0.697  0.609  0.374  0.413  0.061  0.560  0.505 -0.256 -0.220  0.586  0.136  0.605  0.552
   0.254  0.072 -0.176  0.218  0.120 -0.060 -0.027  0.189  0.147 -0.047 -0.020  0.037 -0.005  0.077  0.091  0.098  0.074 -0.061  0.092 -0.082 -0.086  0.091 -0.038 -0.088  0.182  0.486  1.000  0.325  0.531  0.669  0.315  0.320  0.050  0.421  0.554 -0.183 -0.162  0.455 -0.067  0.483  0.582
   0.169  0.042 -0.110  0.122  0.108 -0.125  0.105  0.160  0.136  0.018  0.054 -0.006  0.012  0.123 -0.047  0.030  0.144 -0.124  0.042 -0.048  0.086 -0.091  0.024 -0.121  0.088  0.389  0.325  1.000  0.440  0.412  0.326  0.355  0.035  0.353  0.335 -0.164 -0.144  0.417  0.088  0.420  0.399
   0.310  0.034 -0.199  0.302  0.124 -0.065 -0.072  0.234  0.174 -0.074 -0.001  0.020 -0.024  0.078  0.169  0.240  0.131 -0.050  0.175 -0.058  0.165 -0.151 -0.068  0.049  0.080  0.697  0.531  0.440  1.000  0.797  0.457  0.507  0.062  0.758  0.672 -0.301 -0.253  0.650  0.179  0.756  0.688
