 Correlated errors added in quadrature with statistical errors
 HerF2pCut  DIS data with   1.69< Q2 < 0.500D+03 and 0.000 < xB < 1.000 and   3.00< W2 < 0.100D+04 and 0.000 < y < 1.000
   GP TMC applied
   HT corrections, multiplicative C=C(xB)
 Correlated errors added in quadrature with statistical errors
 HerF2dCut  DIS data with   1.69< Q2 < 0.500D+03 and 0.000 < xB < 1.000 and   3.00< W2 < 0.100D+04 and 0.000 < y < 1.000
   WBArel smearing  (AV18) - freepar off-shell nuke corrections
   GP TMC applied
   HT corrections, multiplicative C=C(xB)
 Correlated errors added in quadrature with statistical errors
 slac_p     DIS data with   1.69< Q2 < 0.500D+03 and 0.000 < xB < 1.000 and   3.00< W2 < 0.100D+04 and 0.000 < y < 1.000
   GP TMC applied
   HT corrections, multiplicative C=C(xB)
 Correlated errors added in quadrature with statistical errors
 slac_d     DIS data with   1.69< Q2 < 0.500D+03 and 0.000 < xB < 1.000 and   3.00< W2 < 0.100D+04 and 0.000 < y < 1.000
   WBArel smearing  (AV18) - freepar off-shell nuke corrections
   GP TMC applied
   HT corrections, multiplicative C=C(xB)
 Correlated errors treated separately from statistical errors
 BcdF2pCor  DIS data with   1.69< Q2 < 0.500D+03 and 0.000 < xB < 1.000 and   3.00< W2 < 0.100D+04 and 0.000 < y < 1.000
   GP TMC applied
   HT corrections, multiplicative C=C(xB)
 Correlated errors treated separately from statistical errors
 BcdF2dCor  DIS data with   1.69< Q2 < 0.500D+03 and 0.000 < xB < 1.000 and   3.00< W2 < 0.100D+04 and 0.000 < y < 1.000
   WBArel smearing  (AV18) - freepar off-shell nuke corrections
   GP TMC applied
   HT corrections, multiplicative C=C(xB)
 Correlated errors treated separately from statistical errors
 NmcF2pCor  DIS data with   1.69< Q2 < 0.500D+03 and 0.000 < xB < 1.000 and   3.00< W2 < 0.100D+04 and 0.000 < y < 1.000
   GP TMC applied
   HT corrections, multiplicative C=C(xB)
 Correlated errors treated separately from statistical errors
 NmcRatCor  DIS data with   1.69< Q2 < 0.500D+03 and 0.000 < xB < 1.000 and   3.00< W2 < 0.100D+04 and 0.000 < y < 1.000
   WBArel smearing  (AV18) - freepar off-shell nuke corrections
   GP TMC applied
   HT corrections, multiplicative C=C(xB)
 Correlated errors treated separately from statistical errors
 H2_NC_em   DIS data with   1.69< Q2 < 0.100D+06 and 0.000 < xB < 1.000 and   3.00< W2 < 0.100D+08 and 0.000 < y < 1.000
   GP TMC applied
   HT corrections, multiplicative C=C(xB)
 Correlated errors treated separately from statistical errors
 H2_NC_ep_1 DIS data with   1.69< Q2 < 0.100D+06 and 0.000 < xB < 1.000 and   3.00< W2 < 0.100D+08 and 0.000 < y < 1.000
   GP TMC applied
   HT corrections, multiplicative C=C(xB)
 Correlated errors treated separately from statistical errors
 H2_NC_ep_2 DIS data with   1.69< Q2 < 0.100D+06 and 0.000 < xB < 1.000 and   3.00< W2 < 0.100D+08 and 0.000 < y < 1.000
   GP TMC applied
   HT corrections, multiplicative C=C(xB)
 Correlated errors treated separately from statistical errors
 H2_NC_ep_3 DIS data with   1.69< Q2 < 0.100D+06 and 0.000 < xB < 1.000 and   3.00< W2 < 0.100D+08 and 0.000 < y < 1.000
   GP TMC applied
   HT corrections, multiplicative C=C(xB)
 Correlated errors treated separately from statistical errors
 H2_NC_ep_4 DIS data with   1.69< Q2 < 0.100D+06 and 0.000 < xB < 1.000 and   3.00< W2 < 0.100D+08 and 0.000 < y < 1.000
   GP TMC applied
   HT corrections, multiplicative C=C(xB)
 Correlated errors treated separately from statistical errors
 H2_CC_em   DIS data with   1.69< Q2 < 0.100D+06 and 0.000 < xB < 1.000 and   3.00< W2 < 0.100D+08 and 0.000 < y < 1.000
   GP TMC applied
   HT corrections, multiplicative C=C(xB)
 Correlated errors treated separately from statistical errors
 H2_CC_ep   DIS data with   1.69< Q2 < 0.100D+06 and 0.000 < xB < 1.000 and   3.00< W2 < 0.100D+08 and 0.000 < y < 1.000
   GP TMC applied
   HT corrections, multiplicative C=C(xB)
 Correlated errors added in quadrature with statistical errors
 e866pp06xf vector boson data with Q2 >=  36.00
 Correlated errors added in quadrature with statistical errors
 e866pd06xf vector boson data with Q2 >=  36.00
 Correlated errors added in quadrature with statistical errors
 cdfLasy05  vector boson data with Q2 >=   0.00
 Correlated errors added in quadrature with statistical errors
 d0Lasy_e15 vector boson data with Q2 >=   0.00
 Correlated errors added in quadrature with statistical errors
 d0Lasy13   vector boson data with Q2 >=   0.00
 Correlated errors added in quadrature with statistical errors
 CDF_Wasy   vector boson data with Q2 >=   0.00
 Correlated errors added in quadrature with statistical errors
 D0_Wasy    vector boson data with Q2 >=   0.00
 Correlated errors added in quadrature with statistical errors
 CDF_Z      vector boson data with Q2 >=   0.00
 Correlated errors added in quadrature with statistical errors
 D0_Z       vector boson data with Q2 >=   0.00
 Correlated errors added in quadrature with statistical errors
 d0run2coneJet data - errors added in quadrature
 Correlated errors added in quadrature with statistical errors
 CDFrun2jetJet data - errors added in quadrature
 Correlated errors added in quadrature with statistical errors
 d0_gamjet1 Photon data -- cuts to be written yet ...
 Correlated errors added in quadrature with statistical errors
 d0_gamjet2 Photon data -- cuts to be written yet ...
 Correlated errors added in quadrature with statistical errors
 d0_gamjet3 Photon data -- cuts to be written yet ...
 Correlated errors added in quadrature with statistical errors
 d0_gamjet4 Photon data -- cuts to be written yet ...

# fitpack15: fit output
# CJ15 AV18 final data choices                                                 

Parametrization   7 used here

 S-ACOT scheme used  for NC DIS

 charm mass =     1.30 GeV     bottom mass =     4.50 GeV



 THIS IS A NEXT TO LEADING ORDER FIT

 Q02=    1.69
         1  LAMBDA      VALUE=   0.22680      WEIGHT=    0.0000    
         2  a0uv        VALUE=    2.3582      WEIGHT=    0.0000    
         3  a1uv        VALUE=   0.61026      WEIGHT=   0.20370E-01
         4  a2uv        VALUE=    3.5472      WEIGHT=   0.12283E-01
         5  a3uv        VALUE=    0.0000      WEIGHT=    0.0000    
         6  a4uv        VALUE=    3.5532      WEIGHT=   0.44812    
         7  a5uv        VALUE=    0.0000      WEIGHT=    0.0000    
         8  a0dv        VALUE=    24.904      WEIGHT=    0.0000    
         9  a1dv        VALUE=    1.1593      WEIGHT=   0.33146E-01
        10  a2dv        VALUE=    6.6165      WEIGHT=   0.16667    
        11  a3dv        VALUE=   -3.5152      WEIGHT=   0.88423E-01
        12  a4dv        VALUE=    4.7073      WEIGHT=   0.15427    
        13  a5dv        VALUE=    0.0000      WEIGHT=    0.0000    
        14  a0ud        VALUE=   0.14578      WEIGHT=   0.50606E-02
        15  a1ud        VALUE=  -0.20825      WEIGHT=   0.37844E-02
        16  a2ud        VALUE=    8.3222      WEIGHT=   0.18976    
        17  a3ud        VALUE=    0.0000      WEIGHT=    0.0000    
        18  a4ud        VALUE=    14.490      WEIGHT=    1.2479    
        19  a5ud        VALUE=    0.0000      WEIGHT=    0.0000    
        20  a0du        VALUE=    35712.      WEIGHT=    0.0000    
        21  a1du        VALUE=    4.0618      WEIGHT=   0.88100E-01
        22  a2du        VALUE=    20.234      WEIGHT=   0.94625    
        23  a3du        VALUE=    17.000      WEIGHT=    0.0000    
        24  a4du        VALUE=    59.846      WEIGHT=    15.050    
        25  a0g         VALUE=    46.313      WEIGHT=    0.0000    
        26  a1g         VALUE=   0.60481      WEIGHT=   0.30270E-01
        27  a2g         VALUE=    6.2498      WEIGHT=   0.90795    
        28  a3g         VALUE=   -3.3664      WEIGHT=   0.12722    
        29  a4g         VALUE=    3.2450      WEIGHT=   0.29251    
        30  a5g         VALUE=    0.0000      WEIGHT=    0.0000    
        31  kappa       VALUE=   0.40000      WEIGHT=    0.0000    
        32  a6dv        VALUE=  -0.41389E-02  WEIGHT=   0.77794E-03
        33  a7dv        VALUE=    2.0000      WEIGHT=    0.0000    
        34  off1        VALUE=  -0.20655      WEIGHT=   0.10000    
        35  off2        VALUE=    2.5915      WEIGHT=    1.0000    
        36  off3        VALUE=   -9.4263      WEIGHT=    1.0000    
        37  off4        VALUE=    8.2851      WEIGHT=    1.0000    
        38  ht1         VALUE=   -3.2849      WEIGHT=   0.27327    
        39  ht2         VALUE=    1.9227      WEIGHT=   0.11284    
        40  ht3         VALUE=   -2.0996      WEIGHT=   0.29046E-01
        41  ht4         VALUE=    0.0000      WEIGHT=    0.0000    
        42  dummy42     VALUE=    0.0000      WEIGHT=    0.0000    
        43  dummy43     VALUE=    0.0000      WEIGHT=    0.0000    
        44  dummy44     VALUE=    0.0000      WEIGHT=    0.0000    
        45  dummy45     VALUE=    0.0000      WEIGHT=    0.0000    
        46  dummy46     VALUE=    0.0000      WEIGHT=    0.0000    
        47  dummy47     VALUE=    0.0000      WEIGHT=    0.0000    
        48  dummy48     VALUE=    0.0000      WEIGHT=    0.0000    
        49  dummy49     VALUE=    0.0000      WEIGHT=    0.0000    
        50  bcdmsh2     VALUE=   0.97156      WEIGHT=   0.48614E-02
        51  bcdmsd2     VALUE=   0.99377      WEIGHT=   0.58578E-02
        52  ccfr        VALUE=    1.0000      WEIGHT=    0.0000    
        53  nutev       VALUE=    1.0000      WEIGHT=    0.0000    
        54  zeus        VALUE=   0.97998      WEIGHT=    0.0000    
        55  h1          VALUE=    1.0162      WEIGHT=    0.0000    
        56  e605        VALUE=    1.0319      WEIGHT=    0.0000    
        57  NmcH2       VALUE=    1.0090      WEIGHT=   0.71416E-02
        58  ntv_nu      VALUE=    1.0000      WEIGHT=    0.0000    
        59  ntv_nuba    VALUE=    1.0000      WEIGHT=    0.0000    
        60  cdf_jet     VALUE=   0.98910      WEIGHT=    0.0000    
        61  d0_jet      VALUE=   0.83504      WEIGHT=    0.0000    
        62  slac_p      VALUE=    1.0037      WEIGHT=   0.48583E-02
        63  slac_d      VALUE=    1.0050      WEIGHT=   0.53349E-02
        64  e866pp      VALUE=   0.96705      WEIGHT=   0.19176E-01
        65  e866pd      VALUE=   0.95602      WEIGHT=   0.17669E-01
        66  d0_gamje    VALUE=    1.0396      WEIGHT=   0.16513E-01
        67  h1b         VALUE=   0.97608      WEIGHT=    0.0000    
        68  blank       VALUE=    1.0000      WEIGHT=    0.0000    
        69  d0run2      VALUE=   0.94743      WEIGHT=   0.14830E-01
        70  cdfrun2     VALUE=   0.93197      WEIGHT=   0.17550E-01
        71  HERA_el     VALUE=    1.0000      WEIGHT=    0.0000    
        72  HERA_ps     VALUE=    1.0000      WEIGHT=    0.0000    
        73  CDF_Z       VALUE=   0.96181      WEIGHT=   0.67127E-02
        74  NmcRat      VALUE=    1.0000      WEIGHT=    0.0000    
        75  HERMES_F    VALUE=   0.99710      WEIGHT=   0.56156E-02
        76  HERMES_F    VALUE=   0.98065      WEIGHT=   0.58612E-02
0THE TOLERANCE IS    0.1000
 THE MAXIMUM NUMBER OF STEPS IS 100
0THE INITIAL CHI SQUARED IS  4.19264E+03
0  STEP  CHI SQUARED    PARAMETER      VALUE         ERROR
 ------------------------------------------------------------
     1    4.18687E+03
                       1  LAMBDA     2.2680E-01       FIX 
                       2  a0uv       2.2847E+00       FIX 
                       3  a1uv       6.0291E-01           
                       4  a2uv       3.5555E+00           
                       5  a3uv       0.0000E+00       FIX 
                       6  a4uv       3.7238E+00           
                       7  a5uv       0.0000E+00       FIX 
                       8  a0dv       2.4616E+01       FIX 
                       9  a1dv       1.1558E+00           
                      10  a2dv       6.6505E+00           
                      11  a3dv      -3.5196E+00           
                      12  a4dv       4.7438E+00           
                      13  a5dv       0.0000E+00       FIX 
                      14  a0ud       1.4498E-01           
                      15  a1ud      -2.0872E-01           
                      16  a2ud       8.3640E+00           
                      17  a3ud       0.0000E+00       FIX 
                      18  a4ud       1.4640E+01           
                      19  a5ud       0.0000E+00       FIX 
                      20  a0du       3.5712E+04       FIX 
                      21  a1du       4.0649E+00           
                      22  a2du       2.0087E+01           
                      23  a3du       1.7000E+01       FIX 
                      24  a4du       5.6348E+01           
                      25  a0g        4.5836E+01       FIX 
                      26  a1g        6.0235E-01           
                      27  a2g        6.0288E+00           
                      28  a3g       -3.3826E+00           
                      29  a4g        3.2441E+00           
                      30  a5g        0.0000E+00       FIX 
                      31  kappa      4.0000E-01       FIX 
                      32  a6dv      -4.3724E-03           
                      33  a7dv       2.0000E+00       FIX 
                      34  off1      -1.9440E-01           
                      35  off2       2.5653E+00           
                      36  off3      -1.0407E+01           
                      37  off4       9.9099E+00           
                      38  ht1       -3.6903E+00           
                      39  ht2        2.0306E+00           
                      40  ht3       -2.0960E+00           
                      41  ht4        0.0000E+00       FIX 
                      42  dummy42    0.0000E+00       FIX 
                      43  dummy43    0.0000E+00       FIX 
                      44  dummy44    0.0000E+00       FIX 
                      45  dummy45    0.0000E+00       FIX 
                      46  dummy46    0.0000E+00       FIX 
                      47  dummy47    0.0000E+00       FIX 
                      48  dummy48    0.0000E+00       FIX 
                      49  dummy49    0.0000E+00       FIX 
                      50  bcdmsh2    9.6973E-01           
                      51  bcdmsd2    9.9254E-01           
                      52  ccfr       1.0000E+00       FIX 
                      53  nutev      1.0000E+00       FIX 
                      54  zeus       9.7998E-01       FIX 
                      55  h1         1.0162E+00       FIX 
                      56  e605       1.0319E+00       FIX 
                      57  NmcH2      1.0070E+00           
                      58  ntv_nu     1.0000E+00       FIX 
                      59  ntv_nuba   1.0000E+00       FIX 
                      60  cdf_jet    9.8910E-01       FIX 
                      61  d0_jet     8.3504E-01       FIX 
                      62  slac_p     1.0019E+00           
                      63  slac_d     1.0035E+00           
                      64  e866pp     9.6077E-01           
                      65  e866pd     9.5101E-01           
                      66  d0_gamje   1.0387E+00           
                      67  h1b        9.7608E-01       FIX 
                      68  blank      1.0000E+00       FIX 
                      69  d0run2     9.5017E-01           
                      70  cdfrun2    9.3472E-01           
                      71  HERA_el    1.0000E+00       FIX 
                      72  HERA_ps    1.0000E+00       FIX 
                      73  CDF_Z      9.5952E-01           
                      74  NmcRat     1.0000E+00       FIX 
                      75  HERMES_F   9.9513E-01           
                      76  HERMES_F   9.7919E-01           
 ------------------------------------------------------------
     2    4.18448E+03
                       1  LAMBDA     2.2680E-01       FIX 
                       2  a0uv       2.0741E+00       FIX 
                       3  a1uv       5.8081E-01           
                       4  a2uv       3.5623E+00           
                       5  a3uv       0.0000E+00       FIX 
                       6  a4uv       4.2267E+00           
                       7  a5uv       0.0000E+00       FIX 
                       8  a0dv       2.4095E+01       FIX 
                       9  a1dv       1.1470E+00           
                      10  a2dv       6.6975E+00           
                      11  a3dv      -3.5554E+00           
                      12  a4dv       4.8513E+00           
                      13  a5dv       0.0000E+00       FIX 
                      14  a0ud       1.4181E-01           
                      15  a1ud      -2.1082E-01           
                      16  a2ud       8.4496E+00           
                      17  a3ud       0.0000E+00       FIX 
                      18  a4ud       1.5584E+01           
                      19  a5ud       0.0000E+00       FIX 
                      20  a0du       3.5712E+04       FIX 
                      21  a1du       4.0693E+00           
                      22  a2du       2.0153E+01           
                      23  a3du       1.7000E+01       FIX 
                      24  a4du       5.6824E+01           
                      25  a0g        4.4852E+01       FIX 
                      26  a1g        5.9833E-01           
                      27  a2g        6.0155E+00           
                      28  a3g       -3.3817E+00           
                      29  a4g        3.2585E+00           
                      30  a5g        0.0000E+00       FIX 
                      31  kappa      4.0000E-01       FIX 
                      32  a6dv      -4.7943E-03           
                      33  a7dv       2.0000E+00       FIX 
                      34  off1      -1.9676E-01           
                      35  off2       3.2185E+00           
                      36  off3      -1.3577E+01           
                      37  off4       1.3283E+01           
                      38  ht1       -3.7825E+00           
                      39  ht2        2.0625E+00           
                      40  ht3       -2.0953E+00           
                      41  ht4        0.0000E+00       FIX 
                      42  dummy42    0.0000E+00       FIX 
                      43  dummy43    0.0000E+00       FIX 
                      44  dummy44    0.0000E+00       FIX 
                      45  dummy45    0.0000E+00       FIX 
                      46  dummy46    0.0000E+00       FIX 
                      47  dummy47    0.0000E+00       FIX 
                      48  dummy48    0.0000E+00       FIX 
                      49  dummy49    0.0000E+00       FIX 
                      50  bcdmsh2    9.6821E-01           
                      51  bcdmsd2    9.9099E-01           
                      52  ccfr       1.0000E+00       FIX 
                      53  nutev      1.0000E+00       FIX 
                      54  zeus       9.7998E-01       FIX 
                      55  h1         1.0162E+00       FIX 
                      56  e605       1.0319E+00       FIX 
                      57  NmcH2      1.0062E+00           
                      58  ntv_nu     1.0000E+00       FIX 
                      59  ntv_nuba   1.0000E+00       FIX 
                      60  cdf_jet    9.8910E-01       FIX 
                      61  d0_jet     8.3504E-01       FIX 
                      62  slac_p     1.0004E+00           
                      63  slac_d     1.0023E+00           
                      64  e866pp     9.6771E-01           
                      65  e866pd     9.5736E-01           
                      66  d0_gamje   1.0368E+00           
                      67  h1b        9.7608E-01       FIX 
                      68  blank      1.0000E+00       FIX 
                      69  d0run2     9.5295E-01           
                      70  cdfrun2    9.3734E-01           
                      71  HERA_el    1.0000E+00       FIX 
                      72  HERA_ps    1.0000E+00       FIX 
                      73  CDF_Z      9.5722E-01           
                      74  NmcRat     1.0000E+00       FIX 
                      75  HERMES_F   9.9380E-01           
                      76  HERMES_F   9.7800E-01           
 ------------------------------------------------------------
     3    4.18275E+03
                       1  LAMBDA     2.2680E-01       FIX 
                       2  a0uv       1.9482E+00       FIX 
                       3  a1uv       5.6708E-01           
                       4  a2uv       3.5651E+00           
                       5  a3uv       0.0000E+00       FIX 
                       6  a4uv       4.5817E+00           
                       7  a5uv       0.0000E+00       FIX 
                       8  a0dv       2.3995E+01       FIX 
                       9  a1dv       1.1441E+00           
                      10  a2dv       6.7242E+00           
                      11  a3dv      -3.5743E+00           
                      12  a4dv       4.9006E+00           
                      13  a5dv       0.0000E+00       FIX 
                      14  a0ud       1.4014E-01           
                      15  a1ud      -2.1194E-01           
                      16  a2ud       8.4877E+00           
                      17  a3ud       0.0000E+00       FIX 
                      18  a4ud       1.6142E+01           
                      19  a5ud       0.0000E+00       FIX 
                      20  a0du       3.5712E+04       FIX 
                      21  a1du       4.0762E+00           
                      22  a2du       2.0171E+01           
                      23  a3du       1.7000E+01       FIX 
                      24  a4du       5.6811E+01           
                      25  a0g        4.4743E+01       FIX 
                      26  a1g        5.9728E-01           
                      27  a2g        6.0137E+00           
                      28  a3g       -3.3880E+00           
                      29  a4g        3.2721E+00           
                      30  a5g        0.0000E+00       FIX 
                      31  kappa      4.0000E-01       FIX 
                      32  a6dv      -4.9978E-03           
                      33  a7dv       2.0000E+00       FIX 
                      34  off1      -1.9462E-01           
                      35  off2       3.5360E+00           
                      36  off3      -1.5121E+01           
                      37  off4       1.4918E+01           
                      38  ht1       -3.8250E+00           
                      39  ht2        2.0821E+00           
                      40  ht3       -2.0946E+00           
                      41  ht4        0.0000E+00       FIX 
                      42  dummy42    0.0000E+00       FIX 
                      43  dummy43    0.0000E+00       FIX 
                      44  dummy44    0.0000E+00       FIX 
                      45  dummy45    0.0000E+00       FIX 
                      46  dummy46    0.0000E+00       FIX 
                      47  dummy47    0.0000E+00       FIX 
                      48  dummy48    0.0000E+00       FIX 
                      49  dummy49    0.0000E+00       FIX 
                      50  bcdmsh2    9.6738E-01           
                      51  bcdmsd2    9.9009E-01           
                      52  ccfr       1.0000E+00       FIX 
                      53  nutev      1.0000E+00       FIX 
                      54  zeus       9.7998E-01       FIX 
                      55  h1         1.0162E+00       FIX 
                      56  e605       1.0319E+00       FIX 
                      57  NmcH2      1.0056E+00           
                      58  ntv_nu     1.0000E+00       FIX 
                      59  ntv_nuba   1.0000E+00       FIX 
                      60  cdf_jet    9.8910E-01       FIX 
                      61  d0_jet     8.3504E-01       FIX 
                      62  slac_p     9.9952E-01           
                      63  slac_d     1.0015E+00           
                      64  e866pp     9.7303E-01           
                      65  e866pd     9.6158E-01           
                      66  d0_gamje   1.0356E+00           
                      67  h1b        9.7608E-01       FIX 
                      68  blank      1.0000E+00       FIX 
                      69  d0run2     9.5371E-01           
                      70  cdfrun2    9.3821E-01           
                      71  HERA_el    1.0000E+00       FIX 
                      72  HERA_ps    1.0000E+00       FIX 
                      73  CDF_Z      9.5592E-01           
                      74  NmcRat     1.0000E+00       FIX 
                      75  HERMES_F   9.9305E-01           
                      76  HERMES_F   9.7729E-01           
 ------------------------------------------------------------
     4    4.18271E+03
                       1  LAMBDA     2.2680E-01    0.0000E+00
                       2  a0uv       1.9116E+00    0.0000E+00
                       3  a1uv       5.6298E-01    2.4024E-02
                       4  a2uv       3.5661E+00    1.1209E-02
                       5  a3uv       0.0000E+00    0.0000E+00
                       6  a4uv       4.6941E+00    6.5224E-01
                       7  a5uv       0.0000E+00    0.0000E+00
                       8  a0dv       2.3993E+01    0.0000E+00
                       9  a1dv       1.1437E+00    3.3564E-02
                      10  a2dv       6.7293E+00    1.7166E-01
                      11  a3dv      -3.5777E+00    9.1101E-02
                      12  a4dv       4.9080E+00    1.6470E-01
                      13  a5dv       0.0000E+00    0.0000E+00
                      14  a0ud       1.3975E-01    5.0327E-03
                      15  a1ud      -2.1219E-01    3.8959E-03
                      16  a2ud       8.4970E+00    1.8354E-01
                      17  a3ud       0.0000E+00    0.0000E+00
                      18  a4ud       1.6279E+01    1.3582E+00
                      19  a5ud       0.0000E+00    0.0000E+00
                      20  a0du       3.5712E+04    0.0000E+00
                      21  a1du       4.0803E+00    9.3341E-02
                      22  a2du       2.0186E+01    9.6473E-01
                      23  a3du       1.7000E+01    0.0000E+00
                      24  a4du       5.7100E+01    1.5116E+01
                      25  a0g        4.4638E+01    0.0000E+00
                      26  a1g        5.9693E-01    2.9741E-02
                      27  a2g        6.0138E+00    8.2372E-01
                      28  a3g       -3.3872E+00    1.2245E-01
                      29  a4g        3.2726E+00    2.8716E-01
                      30  a5g        0.0000E+00    0.0000E+00
                      31  kappa      4.0000E-01    0.0000E+00
                      32  a6dv      -5.0387E-03    8.4065E-04
                      33  a7dv       2.0000E+00    0.0000E+00
                      34  off1      -1.9194E-01    1.2816E-01
                      35  off2       3.5517E+00    1.5197E+00
                      36  off3      -1.5259E+01    5.7363E+00
                      37  off4       1.5087E+01    5.7589E+00
                      38  ht1       -3.8406E+00    3.3869E-01
                      39  ht2        2.0885E+00    1.2127E-01
                      40  ht3       -2.0944E+00    2.8237E-02
                      41  ht4        0.0000E+00    0.0000E+00
                      42  dummy42    0.0000E+00    0.0000E+00
                      43  dummy43    0.0000E+00    0.0000E+00
                      44  dummy44    0.0000E+00    0.0000E+00
                      45  dummy45    0.0000E+00    0.0000E+00
                      46  dummy46    0.0000E+00    0.0000E+00
                      47  dummy47    0.0000E+00    0.0000E+00
                      48  dummy48    0.0000E+00    0.0000E+00
                      49  dummy49    0.0000E+00    0.0000E+00
                      50  bcdmsh2    9.6713E-01    5.0762E-03
                      51  bcdmsd2    9.8982E-01    6.0638E-03
                      52  ccfr       1.0000E+00    0.0000E+00
                      53  nutev      1.0000E+00    0.0000E+00
                      54  zeus       9.7998E-01    0.0000E+00
                      55  h1         1.0162E+00    0.0000E+00
                      56  e605       1.0319E+00    0.0000E+00
                      57  NmcH2      1.0054E+00    7.2776E-03
                      58  ntv_nu     1.0000E+00    0.0000E+00
                      59  ntv_nuba   1.0000E+00    0.0000E+00
                      60  cdf_jet    9.8910E-01    0.0000E+00
                      61  d0_jet     8.3504E-01    0.0000E+00
                      62  slac_p     9.9926E-01    5.2650E-03
                      63  slac_d     1.0013E+00    5.7688E-03
                      64  e866pp     9.7479E-01    2.0072E-02
                      65  e866pd     9.6250E-01    1.8557E-02
                      66  d0_gamje   1.0353E+00    1.6507E-02
                      67  h1b        9.7608E-01    0.0000E+00
                      68  blank      1.0000E+00    0.0000E+00
                      69  d0run2     9.5394E-01    1.5161E-02
                      70  cdfrun2    9.3850E-01    1.7800E-02
                      71  HERA_el    1.0000E+00    0.0000E+00
                      72  HERA_ps    1.0000E+00    0.0000E+00
                      73  CDF_Z      9.5540E-01    7.0463E-03
                      74  NmcRat     1.0000E+00    0.0000E+00
                      75  HERMES_F   9.9280E-01    5.9240E-03
                      76  HERMES_F   9.7704E-01    6.1880E-03
0 MINIMIZATION TERMINATED WITH STEP  4
  TOLERANCE CRITERION      SATISFIED
0 CHI SQUARED PER DEGREE OF FREEDOM IS  1.035E+00
   1.000 -0.218 -0.984  0.191 -0.053  0.172 -0.291  0.449  0.390 -0.329 -0.538 -0.214 -0.129  0.010  0.166  0.126  0.001  0.011  0.213 -0.185  0.066  0.006 -0.035  0.115 -0.203  0.046  0.322  0.263  0.181  0.328  0.288 -0.423 -0.246  0.107 -0.131 -0.113  0.381  0.285  0.253
  -0.218  1.000  0.356  0.331  0.330 -0.185  0.067 -0.051 -0.053  0.312  0.145  0.265 -0.080  0.186  0.026  0.106  0.054  0.014 -0.022 -0.070 -0.017  0.034 -0.041 -0.573  0.352  0.292  0.185  0.115  0.066  0.086  0.099  0.128 -0.044  0.029 -0.098 -0.056  0.004  0.117  0.105
  -0.984  0.356  1.000 -0.109  0.114 -0.202  0.293 -0.429 -0.378  0.374  0.558  0.246  0.122  0.023 -0.138 -0.077  0.017 -0.010 -0.191  0.167 -0.061 -0.003  0.029 -0.191  0.245  0.024 -0.216 -0.183 -0.121 -0.218 -0.191  0.482  0.288 -0.093  0.081  0.075 -0.308 -0.186 -0.164
   0.191  0.331 -0.109  1.000  0.767 -0.598 -0.028  0.122  0.077 -0.076 -0.168  0.322 -0.193  0.221  0.337  0.284 -0.217  0.254  0.466 -0.127 -0.019  0.069 -0.076 -0.260  0.156  0.236  0.306  0.230  0.143  0.310  0.240  0.093 -0.081  0.060 -0.086 -0.072  0.182  0.288  0.238
  -0.053  0.330  0.114  0.767  1.000 -0.882  0.569 -0.143 -0.151  0.197  0.203  0.099 -0.078  0.178  0.198  0.162 -0.250  0.234 -0.048 -0.132  0.250 -0.278  0.296 -0.101 -0.021  0.109  0.162  0.122  0.140  0.120  0.104  0.122  0.081  0.006 -0.022 -0.029  0.126  0.144  0.122
   0.172 -0.185 -0.202 -0.598 -0.882  1.000 -0.740  0.307  0.295 -0.200 -0.355  0.009  0.059 -0.232 -0.151 -0.210  0.243 -0.273 -0.039  0.135 -0.291  0.290 -0.282  0.132 -0.049 -0.126 -0.082 -0.060 -0.153 -0.056 -0.053 -0.164 -0.197  0.025  0.024  0.020 -0.082 -0.098 -0.088
  -0.291  0.067  0.293 -0.028  0.569 -0.740  1.000 -0.412 -0.372  0.447  0.613 -0.340  0.150 -0.009 -0.074  0.013 -0.091  0.080 -0.443 -0.013  0.395 -0.464  0.473  0.076 -0.145 -0.018 -0.040 -0.030  0.122 -0.082 -0.036  0.127  0.348 -0.069 -0.010 -0.013  0.083 -0.026 -0.004
   0.449 -0.051 -0.429  0.122 -0.143  0.307 -0.412  1.000  0.969 -0.405 -0.791  0.041 -0.077 -0.124 -0.068 -0.019  0.200 -0.147  0.171  0.045 -0.154  0.176 -0.178 -0.039 -0.004  0.066  0.244  0.198  0.155  0.247  0.208 -0.090 -0.091  0.096 -0.006 -0.003  0.299  0.219  0.188
   0.390 -0.053 -0.378  0.077 -0.151  0.295 -0.372  0.969  1.000 -0.360 -0.744  0.031 -0.059 -0.116 -0.174 -0.087  0.235 -0.193  0.137  0.043 -0.145  0.164 -0.164 -0.031 -0.006  0.042  0.189  0.154  0.129  0.185  0.152 -0.100 -0.102  0.084  0.018  0.013  0.234  0.163  0.137
  -0.329  0.312  0.374 -0.076  0.197 -0.200  0.447 -0.405 -0.360  1.000  0.725 -0.277  0.423 -0.172 -0.067 -0.153 -0.197  0.072 -0.251  0.264 -0.121  0.008  0.040  0.081 -0.018 -0.177 -0.095 -0.056  0.008 -0.085 -0.043  0.016  0.069 -0.033  0.138  0.080 -0.079 -0.042 -0.006
  -0.538  0.145  0.558 -0.168  0.203 -0.355  0.613 -0.791 -0.744  0.725  1.000 -0.281  0.253 -0.162 -0.036 -0.085 -0.118  0.015 -0.294  0.239  0.125 -0.235  0.262  0.105 -0.097 -0.089 -0.040 -0.022  0.062 -0.011  0.040  0.308  0.478 -0.111 -0.043 -0.058  0.049  0.022  0.066
  -0.214  0.265  0.246  0.322  0.099  0.009 -0.340  0.041  0.031 -0.277 -0.281  1.000 -0.529  0.478  0.091  0.044 -0.090  0.097  0.249 -0.402 -0.071  0.200 -0.231 -0.205  0.233  0.049 -0.013  0.022 -0.034  0.002 -0.021  0.300 -0.260  0.051  0.088  0.074 -0.311  0.020 -0.034
  -0.129 -0.080  0.122 -0.193 -0.078  0.059  0.150 -0.077 -0.059  0.423  0.253 -0.529  1.000 -0.064 -0.210 -0.185  0.170 -0.207 -0.155  0.228 -0.335  0.271 -0.222  0.216 -0.234 -0.134  0.012  0.007  0.007 -0.010 -0.028  0.100  0.050  0.002 -0.012 -0.020 -0.030 -0.031 -0.020
   0.010  0.186  0.023  0.221  0.178 -0.232 -0.009 -0.124 -0.116 -0.172 -0.162  0.478 -0.064  1.000  0.023  0.167 -0.143  0.223  0.145 -0.732  0.177  0.008 -0.062 -0.161  0.194  0.049  0.077  0.075  0.119  0.072  0.031  0.168 -0.287  0.087  0.074  0.070 -0.317  0.077  0.038
   0.166  0.026 -0.138  0.337  0.198 -0.151 -0.074 -0.068 -0.174 -0.067 -0.036  0.091 -0.210  0.023  1.000  0.715 -0.702  0.789  0.195 -0.033  0.050 -0.036  0.030 -0.063  0.134  0.093  0.138  0.110 -0.022  0.189  0.172 -0.062 -0.034  0.035 -0.044 -0.009  0.129  0.171  0.159
   0.126  0.106 -0.077  0.284  0.162 -0.210  0.013 -0.019 -0.087 -0.153 -0.085  0.044 -0.185  0.167  0.715  1.000 -0.319  0.730  0.190 -0.115  0.099 -0.045  0.022 -0.312  0.394  0.373  0.170  0.123  0.054  0.258  0.227 -0.014  0.023  0.041 -0.278 -0.130  0.132  0.228  0.211
   0.001  0.054  0.017 -0.217 -0.250  0.243 -0.091  0.200  0.235 -0.197 -0.118 -0.090  0.170 -0.143 -0.702 -0.319  1.000 -0.861 -0.059  0.091 -0.098  0.118 -0.129 -0.158 -0.016  0.286  0.122  0.070  0.125  0.123  0.088  0.192  0.209 -0.017 -0.373 -0.268  0.212  0.068  0.050
   0.011  0.014 -0.010  0.254  0.234 -0.273  0.080 -0.147 -0.193  0.072  0.015  0.097 -0.207  0.223  0.789  0.730 -0.861  1.000  0.117 -0.140  0.108 -0.093  0.091 -0.068  0.267 -0.029 -0.085 -0.054 -0.107 -0.047 -0.031 -0.193 -0.210  0.034  0.176  0.174 -0.190 -0.013 -0.004
   0.213 -0.022 -0.191  0.466 -0.048 -0.039 -0.443  0.171  0.137 -0.251 -0.294  0.249 -0.155  0.145  0.195  0.190 -0.059  0.117  1.000 -0.051 -0.208  0.326 -0.394 -0.300  0.277  0.220  0.172  0.123  0.047  0.207  0.147  0.011 -0.131  0.051 -0.077 -0.046  0.067  0.177  0.141
  -0.185 -0.070  0.167 -0.127 -0.132  0.135 -0.013  0.045  0.043  0.264  0.239 -0.402  0.228 -0.732 -0.033 -0.115  0.091 -0.140 -0.051  1.000 -0.579  0.364 -0.277  0.101 -0.119 -0.049 -0.075 -0.089 -0.078 -0.067 -0.071 -0.020  0.279 -0.073 -0.036 -0.035  0.202 -0.065 -0.071
   0.066 -0.017 -0.061 -0.019  0.250 -0.291  0.395 -0.154 -0.145 -0.121  0.125 -0.071 -0.335  0.177  0.050  0.099 -0.098  0.108 -0.208 -0.579  1.000 -0.941  0.871 -0.069  0.070  0.099  0.084 -0.026  0.118  0.086  0.052 -0.005  0.195 -0.025 -0.051 -0.042  0.139  0.104  0.050
   0.006  0.034 -0.003  0.069 -0.278  0.290 -0.464  0.176  0.164  0.008 -0.235  0.200  0.271  0.008 -0.036 -0.045  0.118 -0.093  0.326  0.364 -0.941  1.000 -0.983  0.041 -0.041 -0.076 -0.037 -0.001 -0.100 -0.034 -0.095  0.018 -0.277  0.049  0.033  0.034 -0.180 -0.073 -0.073
  -0.035 -0.041  0.029 -0.076  0.296 -0.282  0.473 -0.178 -0.164  0.040  0.262 -0.231 -0.222 -0.062  0.030  0.022 -0.129  0.091 -0.394 -0.277  0.871 -0.983  1.000 -0.029  0.030  0.058  0.010  0.018  0.084  0.008  0.107 -0.023  0.280 -0.054 -0.015 -0.022  0.171  0.052  0.078
   0.115 -0.573 -0.191 -0.260 -0.101  0.132  0.076 -0.039 -0.031  0.081  0.105 -0.205  0.216 -0.161 -0.063 -0.312 -0.158 -0.068 -0.300  0.101 -0.069  0.041 -0.029  1.000 -0.839 -0.570 -0.075 -0.050  0.010 -0.094 -0.089  0.001  0.078 -0.018  0.174  0.078  0.032 -0.086 -0.080
  -0.203  0.352  0.245  0.156 -0.021 -0.049 -0.145 -0.004 -0.006 -0.018 -0.097  0.233 -0.234  0.194  0.134  0.394 -0.016  0.267  0.277 -0.119  0.070 -0.041  0.030 -0.839  1.000  0.314 -0.080 -0.070 -0.103  0.063  0.064 -0.074 -0.176  0.019 -0.030  0.039 -0.218  0.033  0.027
   0.046  0.292  0.024  0.236  0.109 -0.126 -0.018  0.066  0.042 -0.177 -0.089  0.049 -0.134  0.049  0.093  0.373  0.286 -0.029  0.220 -0.049  0.099 -0.076  0.058 -0.570  0.314  1.000  0.234  0.179  0.094  0.086  0.087  0.100  0.130  0.014 -0.339 -0.213  0.212  0.134  0.128
   0.322  0.185 -0.216  0.306  0.162 -0.082 -0.040  0.244  0.189 -0.095 -0.040 -0.013  0.012  0.077  0.138  0.170  0.122 -0.085  0.172 -0.075  0.084 -0.037  0.010 -0.075 -0.080  0.234  1.000  0.524  0.422  0.730  0.647  0.384  0.423  0.066 -0.286 -0.244  0.607  0.643  0.593
   0.263  0.115 -0.183  0.230  0.122 -0.060 -0.030  0.198  0.154 -0.056 -0.022  0.022  0.007  0.075  0.110  0.123  0.070 -0.054  0.123 -0.089 -0.026 -0.001  0.018 -0.050 -0.070  0.179  0.524  1.000  0.359  0.574  0.697  0.330  0.337  0.055 -0.212 -0.185  0.484  0.526  0.617
   0.181  0.066 -0.121  0.143  0.140 -0.153  0.122  0.155  0.129  0.008  0.062 -0.034  0.007  0.119 -0.022  0.054  0.125 -0.107  0.047 -0.078  0.118 -0.100  0.084  0.010 -0.103  0.094  0.422  0.359  1.000  0.474  0.454  0.331  0.377  0.036 -0.188 -0.164  0.448  0.458  0.439
   0.328  0.086 -0.218  0.310  0.120 -0.056 -0.082  0.247  0.185 -0.085 -0.011  0.002 -0.010  0.072  0.189  0.258  0.123 -0.047  0.207 -0.067  0.086 -0.034  0.008 -0.094  0.063  0.086  0.730  0.574  0.474  1.000  0.820  0.459  0.506  0.068 -0.331 -0.278  0.674  0.784  0.722
   0.288  0.099 -0.191  0.240  0.104 -0.053 -0.036  0.208  0.152 -0.043  0.040 -0.021 -0.028  0.031  0.172  0.227  0.088 -0.031  0.147 -0.071  0.052 -0.095  0.107 -0.089  0.064  0.087  0.647  0.697  0.454  0.820  1.000  0.422  0.498  0.053 -0.305 -0.256  0.642  0.723  0.820
  -0.423  0.128  0.482  0.093  0.122 -0.164  0.127 -0.090 -0.100  0.016  0.308  0.300  0.100  0.168 -0.062 -0.014  0.192 -0.193  0.011 -0.020 -0.005  0.018 -0.023  0.001 -0.074  0.100  0.384  0.330  0.331  0.459  0.422  1.000  0.618 -0.016 -0.201 -0.177  0.294  0.428  0.399
  -0.246 -0.044  0.288 -0.081  0.081 -0.197  0.348 -0.091 -0.102  0.069  0.478 -0.260  0.050 -0.287 -0.034  0.023  0.209 -0.210 -0.131  0.279  0.195 -0.277  0.280  0.078 -0.176  0.130  0.423  0.337  0.377  0.506  0.498  0.618  1.000 -0.071 -0.297 -0.254  0.628  0.469  0.478
   0.107  0.029 -0.093  0.060  0.006  0.025 -0.069  0.096  0.084 -0.033 -0.111  0.051  0.002  0.087  0.035  0.041 -0.017  0.034  0.051 -0.073 -0.025  0.049 -0.054 -0.018  0.019  0.014  0.066  0.055  0.036  0.068  0.053 -0.016 -0.071  1.000  0.013  0.012  0.009  0.059  0.047
  -0.131 -0.098  0.081 -0.086 -0.022  0.024 -0.010 -0.006  0.018  0.138 -0.043  0.088 -0.012  0.074 -0.044 -0.278 -0.373  0.176 -0.077 -0.036 -0.051  0.033 -0.015  0.174 -0.030 -0.339 -0.286 -0.212 -0.188 -0.331 -0.305 -0.201 -0.297  0.013  1.000  0.327 -0.388 -0.285 -0.268
  -0.113 -0.056  0.075 -0.072 -0.029  0.020 -0.013 -0.003  0.013  0.080 -0.058  0.074 -0.020  0.070 -0.009 -0.130 -0.268  0.174 -0.046 -0.035 -0.042  0.034 -0.022  0.078  0.039 -0.213 -0.244 -0.185 -0.164 -0.278 -0.256 -0.177 -0.254  0.012  0.327  1.000 -0.324 -0.241 -0.227
