# fitpack15: fit parameters                                                                         
# CJ15 AV18 final data choices                                                                      
# Created on 09/09/2019 at 23:26:24                                                                 

 # QCD setup
  INS                           0
  NVL                          11
  IORD                          1
  Q02                   1.6899999999999999     
  IPARAMC                       7
  FLAVOR                5.0000000000000000     
  xmc                   1.3000000000000000     
  xmb                   4.5000000000000000     
  ncb                          12
  ihq                           1
  ias                           0

 # Theory corrections
  inuke                     10114
  itmc                          1
  iht                           1

 # fit parameters
 LAMBDA       0.22680        0.0000    
 a0uv          1.9230        0.0000    
 a1uv         0.56430       0.24324E-01
 a2uv          3.5658       0.11247E-01
 a3uv          0.0000        0.0000    
 a4uv          4.6599       0.65578    
 a5uv          0.0000        0.0000    
 a0dv          24.640        0.0000    
 a1dv          1.1495       0.39246E-01
 a2dv          6.7594       0.20301    
 a3dv         -3.5920       0.10514    
 a4dv          4.9200       0.16948    
 a5dv          0.0000        0.0000    
 a0ud         0.14008       0.51453E-02
 a1ud        -0.21196       0.39591E-02
 a2ud          8.4830       0.19144    
 a3ud          0.0000        0.0000    
 a4ud          16.111        1.4658    
 a5ud          0.0000        0.0000    
 a0du          35712.        0.0000    
 a1du          4.0939       0.11099    
 a2du          20.160       0.99452    
 a3du          17.000        0.0000    
 a4du          58.071        16.286    
 a0g           44.589        0.0000    
 a1g          0.59692       0.29734E-01
 a2g           6.0073       0.82433    
 a3g          -3.3839       0.12289    
 a4g           3.2659       0.28707    
 a5g           0.0000        0.0000    
 kappa        0.40000        0.0000    
 a6dv        -0.49712E-02   0.86449E-03
 a7dv          2.0000        0.0000    
 off1        -0.18197       0.13184    
 off2          2.8143        2.9175    
 off3         -9.9306        19.033    
 off4          2.7629        42.273    
 off5          8.8878        30.073    
 ht1          -3.8330       0.33861    
 ht2           2.0868       0.12133    
 ht3          -2.0944       0.28259E-01
 ht4           0.0000        0.0000    
 dummy43       0.0000        0.0000    
 dummy44       0.0000        0.0000    
 dummy45       0.0000        0.0000    
 dummy46       0.0000        0.0000    
 dummy47       0.0000        0.0000    
 dummy48       0.0000        0.0000    
 dummy49       0.0000        0.0000    
 bcdmsh2      0.96725       0.50896E-02
 bcdmsd2      0.98991       0.60692E-02
 ccfr          1.0000        0.0000    
 nutev         1.0000        0.0000    
 zeus         0.97998        0.0000    
 h1            1.0162        0.0000    
 e605          1.0319        0.0000    
 NmcH2         1.0054       0.72768E-02
 ntv_nu        1.0000        0.0000    
 ntv_nuba      1.0000        0.0000    
 cdf_jet      0.98910        0.0000    
 d0_jet       0.83504        0.0000    
 slac_p       0.99935       0.52727E-02
 slac_d        1.0013       0.57702E-02
 e866pp       0.97518       0.20081E-01
 e866pd       0.96065       0.19607E-01
 d0_gamje      1.0357       0.16558E-01
 h1b          0.97608        0.0000    
 blank         1.0000        0.0000    
 d0run2       0.95398       0.15162E-01
 cdfrun2      0.93854       0.17799E-01
 HERA_el       1.0000        0.0000    
 HERA_ps       1.0000        0.0000    
 CDF_Z        0.95517       0.70934E-02
 NmcRat        1.0000        0.0000    
 HERMES_F     0.99288       0.59294E-02
 HERMES_F     0.97708       0.61882E-02
 END 0. 0.

 # Hessian matrix (Bevington alpha)
   0.44580030477172E+07 -0.10956295924985E+07  0.16350492237938E+06  0.40325899214777E+06 -0.96811370711954E+05 -0.33537996147968E+05  0.37953968817852E+05  0.97085377232039E+06 -0.17952046610884E+06 -0.47316909686925E+05  0.69624299592134E+04  0.15024079095971E+05  0.16692503872636E+04 -0.94344496579480E+02  0.12698573272109E+05 -0.30499356912314E+04  0.14783443580224E+05  0.10833589020715E+05 -0.60386781210374E+07 -0.56840826486686E+05 -0.24314578444307E+05 -0.11550523811629E+05 -0.59207451848504E+04 -0.32279047819162E+04 -0.95363752491587E+04  0.25746826752921E+04 -0.17611675529700E+06 -0.13316900060968E+06 -0.56535173448529E+05 -0.53466726580563E+04 -0.87874201863001E+06 -0.11411786171698E+07 -0.21271526713707E+05 -0.48217834126290E+05 -0.32193856788951E+04 -0.90148278866774E+04 -0.31897217463938E+04 -0.18862757586715E+05 -0.75166039746495E+05 -0.59260463641052E+05
  -0.10956295924985E+07  0.33978018881405E+06 -0.41144698099895E+05 -0.10575702071822E+06  0.24636609045187E+05  0.11255652562383E+05 -0.67976943080946E+04 -0.11839870749288E+06  0.25362621439511E+05  0.65705941273643E+04 -0.79795118160869E+03 -0.11724974687594E+04 -0.13435515383502E+03  0.11317757866654E+02  0.25768112920428E+03  0.64055232781813E+02  0.11146488155024E+03 -0.46488465779007E+02  0.20298655656260E+07  0.14070262977304E+05  0.69301725421760E+04  0.36447191437659E+04  0.20210289117411E+04  0.11722280738568E+04  0.51783088129216E+04  0.56218040675402E+04  0.49424381510848E+05  0.16822004460998E+05  0.83892945158419E+04 -0.19428187097405E+03  0.21273292896521E+06  0.26979955879276E+06  0.58013916936064E+04  0.13319059231630E+05  0.42174439047934E+03  0.23863272066009E+04  0.75730573209489E+03 -0.21730782681849E+04  0.87501467757041E+04  0.74161168899525E+04
   0.16350492237938E+06 -0.41144698099895E+05  0.60461182306118E+04  0.14526037334927E+05 -0.35929368473795E+04 -0.14790037022175E+04  0.13064419003822E+04  0.26719239835722E+05 -0.48016975731208E+04 -0.15296756532324E+04  0.19491420033644E+03  0.40272603383767E+03  0.50581044358955E+02 -0.34860444172428E+01 -0.18026754000523E+03 -0.35133492125590E+02 -0.87277099809761E+02  0.49636631210154E+02 -0.22768820614165E+06 -0.20685981602116E+04 -0.89974720432386E+03 -0.43119842849218E+03 -0.22210726399629E+03 -0.12142157808788E+03 -0.38814926113295E+03 -0.46838048183136E+02 -0.65600707705149E+04 -0.46289065581437E+04 -0.19700793412584E+04  0.17067007275679E+02 -0.31634489786072E+05 -0.41323560263823E+05 -0.79443796121130E+03 -0.18078696094026E+04 -0.99511684666168E+02 -0.33245213143310E+03 -0.11651591303083E+03 -0.84928546661077E+02 -0.22100816627557E+04 -0.17876845543743E+04
   0.40325899214777E+06 -0.10575702071822E+06  0.14526037334927E+05  0.37508723499332E+06 -0.54109301440193E+05  0.68540738473481E+05  0.57006226980009E+05  0.36045056833032E+06 -0.27667831958703E+05 -0.17566817963686E+05  0.30702347164438E+04 -0.13446956039169E+04 -0.13172210941883E+03  0.48309155789913E+02  0.32863067732918E+05 -0.42977605784736E+04  0.31699896176872E+05  0.18088704714556E+05 -0.19077009398463E+07 -0.17623740272887E+05 -0.68515158707981E+04 -0.28808651305789E+04 -0.13280797175191E+04 -0.66144928560463E+03 -0.25160768561735E+03  0.40176559209189E+04 -0.32088631030265E+05 -0.12870262809321E+05 -0.21359786291689E+05 -0.82224811630593E+02 -0.66833411952546E+05 -0.34517081542861E+06 -0.13564522618683E+04 -0.25078269238797E+04 -0.68570357443506E+02 -0.23982099772698E+04 -0.93519070273938E+03 -0.10224664058485E+05 -0.73335370092897E+04 -0.21710898783876E+05
  -0.96811370711954E+05  0.24636609045187E+05 -0.35929368473795E+04 -0.54109301440193E+05  0.91539860503190E+04 -0.65391730609762E+04 -0.75744644304335E+04 -0.31543482682625E+05  0.37894590297181E+03  0.21523904594944E+04 -0.29327827503592E+03 -0.16445678562418E+02  0.33482319735661E+01 -0.42087627316396E+01 -0.27694089380116E+04  0.37945382805538E+03 -0.25553174345363E+04 -0.14979493886207E+04  0.36981602113801E+06  0.29335845477070E+04  0.12539621157090E+04  0.55506896985988E+03  0.26177366013123E+03  0.13109432860027E+03  0.19141482006278E+03 -0.17253373889456E+03  0.62469243323282E+04  0.19621457192701E+04  0.32973988377757E+04 -0.56459747539618E+02  0.11276592514923E+05  0.59913113084870E+05  0.30061605051285E+03  0.53412581731043E+03  0.84505585298203E+01  0.42825555924102E+03  0.16050254433399E+03  0.42151073177245E+03  0.79835788112583E+03  0.24715747200005E+04
  -0.33537996147968E+05  0.11255652562383E+05 -0.14790037022175E+04  0.68540738473481E+05 -0.65391730609762E+04  0.22145975127460E+05  0.12883034573207E+05  0.10725334400903E+06 -0.10512444181085E+05 -0.42342137167550E+04  0.89002948741535E+03 -0.68411338477707E+03 -0.59807106322994E+02  0.15751167788257E+02  0.95909218350301E+04 -0.12637828873712E+04  0.95418306448974E+04  0.54735389529121E+04 -0.23237163429628E+05 -0.18896579197637E+04 -0.38714288084414E+03 -0.37978008434756E+02  0.25747818081196E+02  0.29257892832547E+02  0.56145325159948E+03  0.21314272468888E+04 -0.10370226931474E+04 -0.24999461096893E+04 -0.37916910588363E+04  0.13384441413243E+03 -0.72795569627478E+04 -0.34808225773509E+05  0.39469873003626E+02  0.34031710501395E+02 -0.17118514017539E+02 -0.18844047283734E+03 -0.10426297465685E+03 -0.31794834114880E+04 -0.17856115739869E+04 -0.50870677981520E+04
   0.37953968817852E+05 -0.67976943080946E+04  0.13064419003822E+04  0.57006226980009E+05 -0.75744644304335E+04  0.12883034573207E+05  0.96589191581247E+04  0.58045880902230E+05 -0.34057372770392E+04 -0.29707465098615E+04  0.50894607608221E+03 -0.22061193181623E+03 -0.22363123041276E+02  0.82278789649730E+01  0.49799908257151E+04 -0.67691798754664E+03  0.47738666635467E+04  0.27945464206377E+04 -0.18016284541736E+06 -0.23163353629192E+04 -0.79329950524192E+03 -0.27975661012707E+03 -0.10650868390181E+03 -0.43437156077235E+02  0.22690026894807E+03  0.12031527015877E+04 -0.35592486211388E+04 -0.22992657904443E+04 -0.35888955132391E+04  0.12964126209259E+03 -0.89665103417187E+04 -0.46532448900150E+05 -0.13100533189860E+03 -0.23717410908505E+03 -0.12003034422668E+02 -0.30676293063382E+03 -0.13203796202449E+03 -0.13618939697120E+04 -0.10972855925882E+04 -0.32550495583076E+04
   0.97085377232039E+06 -0.11839870749288E+06  0.26719239835722E+05  0.36045056833032E+06 -0.31543482682625E+05  0.10725334400903E+06  0.58045880902230E+05  0.55004447594600E+07 -0.24299279989313E+07 -0.89447242518092E+05  0.25786220541717E+05  0.26224145152468E+05  0.17880086810264E+04  0.79008485256815E+02  0.92023424170921E+05 -0.12198600752268E+05  0.10320218913448E+06  0.56023940830971E+05 -0.51485154943103E+06 -0.37557173212266E+05 -0.72925944197989E+04 -0.19153922739723E+04 -0.63065917458998E+03 -0.24347823697708E+03  0.61180030390276E+04  0.34296755533488E+05 -0.27410310190603E+05 -0.63301699347550E+05 -0.50529835534628E+05 -0.71621659623828E+05 -0.29786408065122E+06 -0.58424648910269E+06 -0.75375744515420E+05 -0.16995186906918E+06 -0.14215172096741E+04  0.61818680321071E+03  0.40145144817791E+03 -0.27874643858633E+06 -0.14684453460855E+06 -0.18016597747167E+06
  -0.17952046610884E+06  0.25362621439511E+05 -0.48016975731208E+04 -0.27667831958703E+05  0.37894590297181E+03 -0.10512444181085E+05 -0.34057372770392E+04 -0.24299279989313E+07  0.19185811416964E+07  0.19302241484763E+05 -0.63030898110105E+04 -0.54345123766311E+04 -0.30195503563174E+03 -0.10435440133051E+02  0.49092330121419E+05 -0.24121885055563E+04  0.17560764319087E+05  0.87765833237916E+04 -0.32200134789177E+05  0.92274939129689E+04  0.14312710770852E+04  0.32360903027410E+03  0.98726506769745E+02  0.37101492100342E+02 -0.13738590233775E+04 -0.80914679392693E+04  0.43668628168231E+04  0.11379952833296E+05  0.10728630579112E+05  0.24872858421599E+05  0.66835537846934E+05  0.12672310024747E+06  0.23051877607539E+05  0.52008246838282E+05  0.18981723075900E+03 -0.13563505452500E+04 -0.73389331877483E+03  0.11329779583851E+06  0.45393468564404E+05  0.55138048051979E+05
  -0.47316909686925E+05  0.65705941273643E+04 -0.15296756532324E+04 -0.17566817963686E+05  0.21523904594944E+04 -0.42342137167550E+04 -0.29707465098615E+04 -0.89447242518092E+05  0.19302241484763E+05  0.26011921430657E+04 -0.59583098329027E+03 -0.64506597427340E+03 -0.57856110776312E+02 -0.13937417942503E+01 -0.41506648074078E+04  0.53803998750289E+03 -0.40870257090551E+04 -0.23359035319347E+04  0.48602178338761E+05  0.12453868353959E+04  0.33200679933162E+03  0.10596150910906E+03  0.38959915398629E+02  0.15984859592938E+02 -0.19391112942683E+03 -0.10433659326184E+04  0.16034124839115E+04  0.27315721303496E+04  0.18788173748695E+04  0.73721869325948E+03  0.10932673575070E+05  0.22704963037452E+05  0.14987969218661E+04  0.33272196972135E+04  0.43314681131221E+02  0.11898953363150E+03  0.53649020612859E+02  0.31479600067438E+04  0.28356088529399E+04  0.35707559277728E+04
   0.69624299592134E+04 -0.79795118160869E+03  0.19491420033644E+03  0.30702347164438E+04 -0.29327827503592E+03  0.89002948741535E+03  0.50894607608221E+03  0.25786220541717E+05 -0.63030898110105E+04 -0.59583098329027E+03  0.16003513341662E+03  0.17840610432384E+03  0.13130465011265E+02  0.51008215491110E+00  0.12313698058083E+04 -0.14309745603344E+03  0.11658526620814E+04  0.63880093851141E+03 -0.52623941465922E+04 -0.23527115725690E+03 -0.49884065488072E+02 -0.13639309880152E+02 -0.45561960845860E+01 -0.17633681631431E+01  0.40403473489539E+02  0.22127886435831E+03 -0.19792923522463E+03 -0.45010339936529E+03 -0.33811789819752E+03 -0.33165187265498E+03 -0.19488710146142E+04 -0.38701954722792E+04 -0.41304513675735E+03 -0.93223187479842E+03 -0.10575540897782E+02 -0.10715862134138E+02 -0.52054333396999E+01 -0.11200588259288E+04 -0.80277938816675E+03 -0.99227621482022E+03
   0.15024079095971E+05 -0.11724974687594E+04  0.40272603383767E+03 -0.13446956039169E+04 -0.16445678562418E+02 -0.68411338477707E+03 -0.22061193181623E+03  0.26224145152468E+05 -0.54345123766311E+04 -0.64506597427340E+03  0.17840610432384E+03  0.14872540880528E+04  0.99065561842435E+02 -0.13083722505824E+01  0.13681502507674E+04 -0.20150467556747E+03  0.16694027800514E+04  0.96426844399109E+03 -0.57435825716067E+04  0.26884505861477E+03  0.27974448952242E+02  0.10496231594154E+01 -0.57135073508580E+00 -0.29315554569270E+00  0.39513217953206E+02  0.24451566167975E+03 -0.51572631959862E+02 -0.10934872481672E+04  0.23096638343881E-10 -0.66556159393425E+03 -0.48587016203106E+04  0.20504239758263E-10 -0.22052612391720E+04 -0.68161377246966E+02 -0.75508866752331E+02 -0.16260970341698E+01 -0.70057022671725E+00  0.27458509594080E+03 -0.26119745096473E+04 -0.81997973494754E-10
   0.16692503872636E+04 -0.13435515383502E+03  0.50581044358955E+02 -0.13172210941883E+03  0.33482319735661E+01 -0.59807106322994E+02 -0.22363123041276E+02  0.17880086810264E+04 -0.30195503563174E+03 -0.57856110776312E+02  0.13130465011265E+02  0.99065561842435E+02  0.88754601708811E+01 -0.15059840100556E+00  0.78723609129340E+02 -0.13931439608563E+02  0.10318405945765E+03  0.64551857238438E+02 -0.28882561620757E+03  0.16518486592893E+02  0.25262323417680E+01  0.22411873186292E+00 -0.24575971196445E-01 -0.25994758458959E-01  0.52154049737540E+01  0.28427758424268E+02 -0.10511470097833E+02 -0.16094173421010E+03 -0.19059451699331E-11 -0.26393142004436E+02 -0.57183074266438E+03  0.33578931401025E-10 -0.13979187568180E+03 -0.17816907256354E+02 -0.61620432441136E+01 -0.17246198897240E+00 -0.67425417202619E-01  0.27612581343417E+02 -0.19016527997961E+03 -0.10237261772184E-10
  -0.94344496579480E+02  0.11317757866654E+02 -0.34860444172428E+01  0.48309155789913E+02 -0.42087627316396E+01  0.15751167788257E+02  0.82278789649730E+01  0.79008485256815E+02 -0.10435440133051E+02 -0.13937417942503E+01  0.51008215491110E+00 -0.13083722505824E+01 -0.15059840100556E+00  0.34403371647976E-01  0.11590798148323E+02 -0.90040280534636E+00  0.78839532972196E+01  0.37433657608672E+01 -0.67574385005866E+02  0.11303828841656E+01 -0.34182137791255E-01 -0.16370016307649E-01 -0.56675300788296E-02 -0.25505057636573E-02 -0.60637707082705E-02 -0.16585732972593E-01  0.11777405563192E-01  0.52633043193396E-01 -0.16402807328504E-12 -0.44962278809534E+01 -0.39868809589852E+00  0.12210460212053E-11 -0.20319311530444E+01 -0.33377480253637E-05 -0.98337285133417E-01 -0.11452011904638E-02 -0.63567896255486E-03 -0.14796763255382E+01 -0.19764439799219E+01  0.28245511144792E-12
   0.12698573272109E+05  0.25768112920428E+03 -0.18026754000523E+03  0.32863067732918E+05 -0.27694089380116E+04  0.95909218350301E+04  0.49799908257151E+04  0.92023424170921E+05  0.49092330121419E+05 -0.41506648074078E+04  0.12313698058083E+04  0.13681502507674E+04  0.78723609129340E+02  0.11590798148323E+02  0.51739071158405E+05 -0.50706697946716E+04  0.41637430018776E+05  0.22021084280697E+05 -0.60248658890011E+05  0.24607837940543E+02  0.51480594771559E+02  0.24251093084565E+02  0.10671071538722E+02  0.48955102685780E+01 -0.31350375812957E+02 -0.15778282623961E+03  0.67395530822908E+03 -0.30236756465499E+04 -0.19575745525752E+04 -0.25111272402108E+04  0.18789496181742E+04  0.42632673860546E+04 -0.15293803456602E+04 -0.30487623923644E+04 -0.74785932671717E+03 -0.30772735016934E+04 -0.16065596045523E+04 -0.21686318001678E+04 -0.10033234303526E+04 -0.11282097525921E+04
  -0.30499356912314E+04  0.64055232781813E+02 -0.35133492125590E+02 -0.42977605784736E+04  0.37945382805538E+03 -0.12637828873712E+04 -0.67691798754664E+03 -0.12198600752268E+05 -0.24121885055563E+04  0.53803998750289E+03 -0.14309745603344E+03 -0.20150467556747E+03 -0.13931439608563E+02 -0.90040280534636E+00 -0.50706697946716E+04  0.58277634940217E+03 -0.46740569633131E+04 -0.25717941769277E+04  0.81704704128711E+04  0.12370135703195E+02 -0.65309365830014E+01 -0.43199780835364E+01 -0.22032156297482E+01 -0.11058406535028E+01 -0.24424265897983E+01 -0.94896515129329E+01 -0.13913458217651E+03  0.59078879087553E+03  0.36754628515129E+03  0.29844861329883E+03 -0.12687440573656E+03 -0.46713994853960E+03  0.16799157182612E+03  0.33329001198711E+03  0.87094747781577E+02  0.50511218775523E+03  0.24396782924565E+03 -0.39198337033004E+03  0.28577592050045E+03  0.32006871663296E+03
   0.14783443580224E+05  0.11146488155024E+03 -0.87277099809761E+02  0.31699896176872E+05 -0.25553174345363E+04  0.95418306448974E+04  0.47738666635467E+04  0.10320218913448E+06  0.17560764319087E+05 -0.40870257090551E+04  0.11658526620814E+04  0.16694027800514E+04  0.10318405945765E+03  0.78839532972196E+01  0.41637430018776E+05 -0.46740569633131E+04  0.38415920191085E+05  0.20875574403859E+05 -0.56002881608051E+05  0.93038528167472E+01  0.62210556609477E+02  0.26205998886918E+02  0.97638614563315E+01  0.37261126421371E+01 -0.81240461366734E+02 -0.30182571698865E+03  0.66939119582499E+03 -0.32852208789530E+04 -0.20843237630493E+04 -0.28192515838689E+04  0.23879038110838E+04  0.53274298375498E+04 -0.14144552872019E+04 -0.28371352405738E+04 -0.70803996769108E+03 -0.30971716454754E+04 -0.16542960472940E+04  0.18310107839927E+04 -0.20459688443775E+04 -0.22646125670578E+04
   0.10833589020715E+05 -0.46488465779007E+02  0.49636631210154E+02  0.18088704714556E+05 -0.14979493886207E+04  0.54735389529121E+04  0.27945464206377E+04  0.56023940830971E+05  0.87765833237916E+04 -0.23359035319347E+04  0.63880093851141E+03  0.96426844399109E+03  0.64551857238438E+02  0.37433657608672E+01  0.22021084280697E+05 -0.25717941769277E+04  0.20875574403859E+05  0.11495194867084E+05 -0.32592578956614E+05 -0.22085235290508E+02  0.36313301135513E+02  0.17997946612005E+02  0.75388671358653E+01  0.31956150225443E+01 -0.32166758312548E+02 -0.10204865093196E+03  0.51040356819959E+03 -0.23145966124434E+04 -0.14344761022458E+04 -0.14196832082745E+04  0.10763404607226E+04  0.28806476778666E+04 -0.72588894067813E+03 -0.14563764537021E+04 -0.39356471841854E+03 -0.20265055030523E+04 -0.10358659409909E+04  0.18577364724751E+04 -0.14000670116399E+04 -0.15520352481009E+04
  -0.60386781210374E+07  0.20298655656260E+07 -0.22768820614165E+06 -0.19077009398463E+07  0.36981602113801E+06 -0.23237163429628E+05 -0.18016284541736E+06 -0.51485154943103E+06 -0.32200134789177E+05  0.48602178338761E+05 -0.52623941465922E+04 -0.57435825716067E+04 -0.28882561620757E+03 -0.67574385005866E+02 -0.60248658890011E+05  0.81704704128711E+04 -0.56002881608051E+05 -0.32592578956614E+05  0.27177808917849E+08  0.14525947207408E+06  0.75126271010106E+05  0.40005617382107E+05  0.22274004844240E+05  0.12928130768609E+05  0.37956685268465E+05  0.45902610512135E+05  0.34824606318634E+06  0.33807859708840E+05  0.76381751114364E+05 -0.11864342524548E+04  0.56632324808574E+06  0.27670246842362E+07  0.16890957630136E+05  0.31356895519131E+05  0.19821082957072E+03  0.23461212443802E+05  0.74082567352941E+04 -0.17624815819090E+05  0.20536304723104E+05  0.64382919292936E+05
  -0.56840826486686E+05  0.14070262977304E+05 -0.20685981602116E+04 -0.17623740272887E+05  0.29335845477070E+04 -0.18896579197637E+04 -0.23163353629192E+04 -0.37557173212266E+05  0.92274939129689E+04  0.12453868353959E+04 -0.23527115725690E+03  0.26884505861477E+03  0.16518486592893E+02  0.11303828841656E+01  0.24607837940543E+02  0.12370135703195E+02  0.93038528167472E+01 -0.22085235290508E+02  0.14525947207408E+06  0.26607279044566E+04  0.86207822726889E+03  0.36974222437453E+03  0.18177648084949E+03  0.97486654139190E+02  0.62367754539901E+02 -0.42955772338451E+03  0.30486528256884E+04  0.00000000000000E+00  0.26069896019618E+04  0.00000000000000E+00  0.00000000000000E+00  0.41147810010110E+05  0.00000000000000E+00  0.00000000000000E+00  0.00000000000000E+00  0.00000000000000E+00  0.00000000000000E+00  0.00000000000000E+00  0.00000000000000E+00  0.41960671522004E+04
  -0.24314578444307E+05  0.69301725421760E+04 -0.89974720432386E+03 -0.68515158707981E+04  0.12539621157090E+04 -0.38714288084414E+03 -0.79329950524192E+03 -0.72925944197989E+04  0.14312710770852E+04  0.33200679933162E+03 -0.49884065488072E+02  0.27974448952242E+02  0.25262323417680E+01 -0.34182137791255E-01  0.51480594771559E+02 -0.65309365830014E+01  0.62210556609477E+02  0.36313301135513E+02  0.75126271010106E+05  0.86207822726889E+03  0.36751269096487E+03  0.17703436239224E+03  0.93093585589683E+02  0.52243217018193E+02  0.81497645503907E+02 -0.10077634640124E+02  0.13608310192894E+04  0.00000000000000E+00  0.67722839277750E+03  0.00000000000000E+00  0.00000000000000E+00  0.15517627699722E+05  0.00000000000000E+00  0.00000000000000E+00  0.00000000000000E+00  0.00000000000000E+00  0.00000000000000E+00  0.00000000000000E+00  0.00000000000000E+00  0.87498739711103E+03
  -0.11550523811629E+05  0.36447191437659E+04 -0.43119842849218E+03 -0.28808651305789E+04  0.55506896985988E+03 -0.37978008434756E+02 -0.27975661012707E+03 -0.19153922739723E+04  0.32360903027410E+03  0.10596150910906E+03 -0.13639309880152E+02  0.10496231594154E+01  0.22411873186292E+00 -0.16370016307649E-01  0.24251093084565E+02 -0.43199780835364E+01  0.26205998886918E+02  0.17997946612005E+02  0.40005617382107E+05  0.36974222437453E+03  0.17703436239224E+03  0.91637697989762E+02  0.50583254716423E+02  0.29391456349876E+02  0.58005115637247E+02  0.44727530124636E+02  0.65508347078090E+03  0.00000000000000E+00  0.19811129877294E+03  0.00000000000000E+00  0.00000000000000E+00  0.67762045324199E+04  0.00000000000000E+00  0.00000000000000E+00  0.00000000000000E+00  0.00000000000000E+00  0.00000000000000E+00  0.00000000000000E+00  0.00000000000000E+00  0.26078970430331E+03
  -0.59207451848504E+04  0.20210289117411E+04 -0.22210726399629E+03 -0.13280797175191E+04  0.26177366013123E+03  0.25747818081196E+02 -0.10650868390181E+03 -0.63065917458998E+03  0.98726506769745E+02  0.38959915398629E+02 -0.45561960845860E+01 -0.57135073508580E+00 -0.24575971196445E-01 -0.56675300788296E-02  0.10671071538722E+02 -0.22032156297482E+01  0.97638614563315E+01  0.75388671358653E+01  0.22274004844240E+05  0.18177648084949E+03  0.93093585589683E+02  0.50583254716423E+02  0.28926730413064E+02  0.17258837061733E+02  0.37149295618547E+02  0.38469993071729E+02  0.33623708885292E+03  0.00000000000000E+00  0.60726065959070E+02  0.00000000000000E+00  0.00000000000000E+00  0.32811296358475E+04  0.00000000000000E+00  0.00000000000000E+00  0.00000000000000E+00  0.00000000000000E+00  0.00000000000000E+00  0.00000000000000E+00  0.00000000000000E+00  0.97518800406616E+02
  -0.32279047819162E+04  0.11722280738568E+04 -0.12142157808788E+03 -0.66144928560463E+03  0.13109432860027E+03  0.29257892832547E+02 -0.43437156077235E+02 -0.24347823697708E+03  0.37101492100342E+02  0.15984859592938E+02 -0.17633681631431E+01 -0.29315554569270E+00 -0.25994758458959E-01 -0.25505057636573E-02  0.48955102685780E+01 -0.11058406535028E+01  0.37261126421371E+01  0.31956150225443E+01  0.12928130768609E+05  0.97486654139190E+02  0.52243217018193E+02  0.29391456349876E+02  0.17258837061733E+02  0.10510074751016E+02  0.23287974601330E+02  0.26189316986456E+02  0.18233844968141E+03  0.00000000000000E+00  0.17763106384136E+02  0.00000000000000E+00  0.00000000000000E+00  0.17164956315747E+04  0.00000000000000E+00  0.00000000000000E+00  0.00000000000000E+00  0.00000000000000E+00  0.00000000000000E+00  0.00000000000000E+00  0.00000000000000E+00  0.41804785200350E+02
  -0.95363752491587E+04  0.51783088129216E+04 -0.38814926113295E+03 -0.25160768561735E+03  0.19141482006278E+03  0.56145325159948E+03  0.22690026894807E+03  0.61180030390276E+04 -0.13738590233775E+04 -0.19391112942683E+03  0.40403473489539E+02  0.39513217953206E+02  0.52154049737540E+01 -0.60637707082705E-02 -0.31350375812957E+02 -0.24424265897983E+01 -0.81240461366734E+02 -0.32166758312548E+02  0.37956685268465E+05  0.62367754539901E+02  0.81497645503907E+02  0.58005115637247E+02  0.37149295618547E+02  0.23287974601330E+02  0.20893717214532E+03  0.45714508996395E+03  0.78379754396742E+03 -0.43107564079644E+02 -0.24215592347618E+02  0.43901130704330E+01  0.10680838790719E+04  0.77328398280340E+03  0.00000000000000E+00  0.00000000000000E+00  0.00000000000000E+00  0.00000000000000E+00  0.00000000000000E+00  0.00000000000000E+00 -0.28865259191083E+03 -0.30077933063824E+03
   0.25746826752921E+04  0.56218040675402E+04 -0.46838048183136E+02  0.40176559209189E+04 -0.17253373889456E+03  0.21314272468888E+04  0.12031527015877E+04  0.34296755533488E+05 -0.80914679392693E+04 -0.10433659326184E+04  0.22127886435831E+03  0.24451566167975E+03  0.28427758424268E+02 -0.16585732972593E-01 -0.15778282623961E+03 -0.94896515129329E+01 -0.30182571698865E+03 -0.10204865093196E+03  0.45902610512135E+05 -0.42955772338451E+03 -0.10077634640124E+02  0.44727530124636E+02  0.38469993071729E+02  0.26189316986456E+02  0.45714508996395E+03  0.14712289097298E+04  0.56348121558201E+03 -0.15242192761448E+03 -0.10004135920793E+03 -0.19836254756590E+02 -0.51065355217880E+04 -0.92895285436905E+04  0.00000000000000E+00  0.00000000000000E+00  0.00000000000000E+00  0.00000000000000E+00  0.00000000000000E+00  0.00000000000000E+00 -0.18497299516084E+04 -0.19103609423503E+04
  -0.17611675529700E+06  0.49424381510848E+05 -0.65600707705149E+04 -0.32088631030265E+05  0.62469243323282E+04 -0.10370226931474E+04 -0.35592486211388E+04 -0.27410310190603E+05  0.43668628168231E+04  0.16034124839115E+04 -0.19792923522463E+03 -0.51572631959862E+02 -0.10511470097833E+02  0.11777405563192E-01  0.67395530822908E+03 -0.13913458217651E+03  0.66939119582499E+03  0.51040356819959E+03  0.34824606318634E+06  0.30486528256884E+04  0.13608310192894E+04  0.65508347078090E+03  0.33623708885292E+03  0.18233844968141E+03  0.78379754396742E+03  0.56348121558201E+03  0.12098453381922E+05  0.25389096543189E+03  0.13243810218552E+03 -0.51180571212018E+01  0.39953102394472E+05  0.64515641242016E+05  0.00000000000000E+00  0.00000000000000E+00  0.00000000000000E+00  0.00000000000000E+00  0.00000000000000E+00  0.00000000000000E+00  0.15814552314563E+04  0.16147730588019E+04
  -0.13316900060968E+06  0.16822004460998E+05 -0.46289065581437E+04 -0.12870262809321E+05  0.19621457192701E+04 -0.24999461096893E+04 -0.22992657904443E+04 -0.63301699347550E+05  0.11379952833296E+05  0.27315721303496E+04 -0.45010339936529E+03 -0.10934872481672E+04 -0.16094173421010E+03  0.52633043193396E-01 -0.30236756465499E+04  0.59078879087553E+03 -0.32852208789530E+04 -0.23145966124434E+04  0.33807859708840E+05  0.00000000000000E+00  0.00000000000000E+00  0.00000000000000E+00  0.00000000000000E+00  0.00000000000000E+00 -0.43107564079644E+02 -0.15242192761448E+03  0.25389096543189E+03  0.11764587156849E+06  0.00000000000000E+00  0.00000000000000E+00  0.00000000000000E+00  0.00000000000000E+00  0.00000000000000E+00  0.00000000000000E+00  0.00000000000000E+00  0.00000000000000E+00  0.00000000000000E+00  0.00000000000000E+00  0.00000000000000E+00  0.00000000000000E+00
  -0.56535173448529E+05  0.83892945158419E+04 -0.19700793412584E+04 -0.21359786291689E+05  0.32973988377757E+04 -0.37916910588363E+04 -0.35888955132391E+04 -0.50529835534628E+05  0.10728630579112E+05  0.18788173748695E+04 -0.33811789819752E+03  0.23096638343881E-10 -0.19059451699331E-11 -0.16402807328504E-12 -0.19575745525752E+04  0.36754628515129E+03 -0.20843237630493E+04 -0.14344761022458E+04  0.76381751114364E+05  0.26069896019618E+04  0.67722839277750E+03  0.19811129877294E+03  0.60726065959070E+02  0.17763106384136E+02 -0.24215592347618E+02 -0.10004135920793E+03  0.13243810218552E+03  0.00000000000000E+00  0.65020932560253E+05  0.00000000000000E+00  0.00000000000000E+00  0.00000000000000E+00  0.00000000000000E+00  0.00000000000000E+00  0.00000000000000E+00  0.00000000000000E+00  0.00000000000000E+00  0.00000000000000E+00  0.00000000000000E+00  0.00000000000000E+00
  -0.53466726580563E+04 -0.19428187097405E+03  0.17067007275679E+02 -0.82224811630593E+02 -0.56459747539618E+02  0.13384441413243E+03  0.12964126209259E+03 -0.71621659623828E+05  0.24872858421599E+05  0.73721869325948E+03 -0.33165187265498E+03 -0.66556159393425E+03 -0.26393142004436E+02 -0.44962278809534E+01 -0.25111272402108E+04  0.29844861329883E+03 -0.28192515838689E+04 -0.14196832082745E+04 -0.11864342524548E+04  0.00000000000000E+00  0.00000000000000E+00  0.00000000000000E+00  0.00000000000000E+00  0.00000000000000E+00  0.43901130704330E+01 -0.19836254756590E+02 -0.51180571212018E+01  0.00000000000000E+00  0.00000000000000E+00  0.30863591079451E+05  0.00000000000000E+00  0.00000000000000E+00  0.00000000000000E+00  0.00000000000000E+00  0.00000000000000E+00  0.00000000000000E+00  0.00000000000000E+00  0.00000000000000E+00  0.00000000000000E+00  0.00000000000000E+00
  -0.87874201863001E+06  0.21273292896521E+06 -0.31634489786072E+05 -0.66833411952546E+05  0.11276592514923E+05 -0.72795569627478E+04 -0.89665103417187E+04 -0.29786408065122E+06  0.66835537846934E+05  0.10932673575070E+05 -0.19488710146142E+04 -0.48587016203106E+04 -0.57183074266438E+03 -0.39868809589852E+00  0.18789496181742E+04 -0.12687440573656E+03  0.23879038110838E+04  0.10763404607226E+04  0.56632324808574E+06  0.00000000000000E+00  0.00000000000000E+00  0.00000000000000E+00  0.00000000000000E+00  0.00000000000000E+00  0.10680838790719E+04 -0.51065355217880E+04  0.39953102394472E+05  0.00000000000000E+00  0.00000000000000E+00  0.00000000000000E+00  0.58393768191129E+06  0.00000000000000E+00  0.00000000000000E+00  0.00000000000000E+00  0.00000000000000E+00  0.00000000000000E+00  0.00000000000000E+00  0.00000000000000E+00  0.00000000000000E+00  0.00000000000000E+00
  -0.11411786171698E+07  0.26979955879276E+06 -0.41323560263823E+05 -0.34517081542861E+06  0.59913113084870E+05 -0.34808225773509E+05 -0.46532448900150E+05 -0.58424648910269E+06  0.12672310024747E+06  0.22704963037452E+05 -0.38701954722792E+04  0.20504239758263E-10  0.33578931401025E-10  0.12210460212053E-11  0.42632673860546E+04 -0.46713994853960E+03  0.53274298375498E+04  0.28806476778666E+04  0.27670246842362E+07  0.41147810010110E+05  0.15517627699722E+05  0.67762045324199E+04  0.32811296358475E+04  0.17164956315747E+04  0.77328398280340E+03 -0.92895285436905E+04  0.64515641242016E+05  0.00000000000000E+00  0.00000000000000E+00  0.00000000000000E+00  0.00000000000000E+00  0.92365386475767E+06  0.00000000000000E+00  0.00000000000000E+00  0.00000000000000E+00  0.00000000000000E+00  0.00000000000000E+00  0.00000000000000E+00  0.00000000000000E+00  0.00000000000000E+00
  -0.21271526713707E+05  0.58013916936064E+04 -0.79443796121130E+03 -0.13564522618683E+04  0.30061605051285E+03  0.39469873003626E+02 -0.13100533189860E+03 -0.75375744515420E+05  0.23051877607539E+05  0.14987969218661E+04 -0.41304513675735E+03 -0.22052612391720E+04 -0.13979187568180E+03 -0.20319311530444E+01 -0.15293803456602E+04  0.16799157182612E+03 -0.14144552872019E+04 -0.72588894067813E+03  0.16890957630136E+05  0.00000000000000E+00  0.00000000000000E+00  0.00000000000000E+00  0.00000000000000E+00  0.00000000000000E+00  0.00000000000000E+00  0.00000000000000E+00  0.00000000000000E+00  0.00000000000000E+00  0.00000000000000E+00  0.00000000000000E+00  0.00000000000000E+00  0.00000000000000E+00  0.14496370880424E+05  0.00000000000000E+00  0.00000000000000E+00  0.00000000000000E+00  0.00000000000000E+00  0.00000000000000E+00  0.00000000000000E+00  0.00000000000000E+00
  -0.48217834126290E+05  0.13319059231630E+05 -0.18078696094026E+04 -0.25078269238797E+04  0.53412581731043E+03  0.34031710501395E+02 -0.23717410908505E+03 -0.16995186906918E+06  0.52008246838282E+05  0.33272196972135E+04 -0.93223187479842E+03 -0.68161377246966E+02 -0.17816907256354E+02 -0.33377480253637E-05 -0.30487623923644E+04  0.33329001198711E+03 -0.28371352405738E+04 -0.14563764537021E+04  0.31356895519131E+05  0.00000000000000E+00  0.00000000000000E+00  0.00000000000000E+00  0.00000000000000E+00  0.00000000000000E+00  0.00000000000000E+00  0.00000000000000E+00  0.00000000000000E+00  0.00000000000000E+00  0.00000000000000E+00  0.00000000000000E+00  0.00000000000000E+00  0.00000000000000E+00  0.00000000000000E+00  0.32002616163844E+05  0.00000000000000E+00  0.00000000000000E+00  0.00000000000000E+00  0.00000000000000E+00  0.00000000000000E+00  0.00000000000000E+00
  -0.32193856788951E+04  0.42174439047934E+03 -0.99511684666168E+02 -0.68570357443506E+02  0.84505585298203E+01 -0.17118514017539E+02 -0.12003034422668E+02 -0.14215172096741E+04  0.18981723075900E+03  0.43314681131221E+02 -0.10575540897782E+02 -0.75508866752331E+02 -0.61620432441136E+01 -0.98337285133417E-01 -0.74785932671717E+03  0.87094747781577E+02 -0.70803996769108E+03 -0.39356471841854E+03  0.19821082957072E+03  0.00000000000000E+00  0.00000000000000E+00  0.00000000000000E+00  0.00000000000000E+00  0.00000000000000E+00  0.00000000000000E+00  0.00000000000000E+00  0.00000000000000E+00  0.00000000000000E+00  0.00000000000000E+00  0.00000000000000E+00  0.00000000000000E+00  0.00000000000000E+00  0.00000000000000E+00  0.00000000000000E+00  0.38026296984372E+04  0.00000000000000E+00  0.00000000000000E+00  0.00000000000000E+00  0.00000000000000E+00  0.00000000000000E+00
  -0.90148278866774E+04  0.23863272066009E+04 -0.33245213143310E+03 -0.23982099772698E+04  0.42825555924102E+03 -0.18844047283734E+03 -0.30676293063382E+03  0.61818680321071E+03 -0.13563505452500E+04  0.11898953363150E+03 -0.10715862134138E+02 -0.16260970341698E+01 -0.17246198897240E+00 -0.11452011904638E-02 -0.30772735016934E+04  0.50511218775523E+03 -0.30971716454754E+04 -0.20265055030523E+04  0.23461212443802E+05  0.00000000000000E+00  0.00000000000000E+00  0.00000000000000E+00  0.00000000000000E+00  0.00000000000000E+00  0.00000000000000E+00  0.00000000000000E+00  0.00000000000000E+00  0.00000000000000E+00  0.00000000000000E+00  0.00000000000000E+00  0.00000000000000E+00  0.00000000000000E+00  0.00000000000000E+00  0.00000000000000E+00  0.00000000000000E+00  0.81000711485849E+04  0.00000000000000E+00  0.00000000000000E+00  0.00000000000000E+00  0.00000000000000E+00
  -0.31897217463938E+04  0.75730573209489E+03 -0.11651591303083E+03 -0.93519070273938E+03  0.16050254433399E+03 -0.10426297465685E+03 -0.13203796202449E+03  0.40145144817791E+03 -0.73389331877483E+03  0.53649020612859E+02 -0.52054333396999E+01 -0.70057022671725E+00 -0.67425417202619E-01 -0.63567896255486E-03 -0.16065596045523E+04  0.24396782924565E+03 -0.16542960472940E+04 -0.10358659409909E+04  0.74082567352941E+04  0.00000000000000E+00  0.00000000000000E+00  0.00000000000000E+00  0.00000000000000E+00  0.00000000000000E+00  0.00000000000000E+00  0.00000000000000E+00  0.00000000000000E+00  0.00000000000000E+00  0.00000000000000E+00  0.00000000000000E+00  0.00000000000000E+00  0.00000000000000E+00  0.00000000000000E+00  0.00000000000000E+00  0.00000000000000E+00  0.00000000000000E+00  0.41690432744682E+04  0.00000000000000E+00  0.00000000000000E+00  0.00000000000000E+00
  -0.18862757586715E+05 -0.21730782681849E+04 -0.84928546661077E+02 -0.10224664058485E+05  0.42151073177245E+03 -0.31794834114880E+04 -0.13618939697120E+04 -0.27874643858633E+06  0.11329779583851E+06  0.31479600067438E+04 -0.11200588259288E+04  0.27458509594080E+03  0.27612581343417E+02 -0.14796763255382E+01 -0.21686318001678E+04 -0.39198337033004E+03  0.18310107839927E+04  0.18577364724751E+04 -0.17624815819090E+05  0.00000000000000E+00  0.00000000000000E+00  0.00000000000000E+00  0.00000000000000E+00  0.00000000000000E+00  0.00000000000000E+00  0.00000000000000E+00  0.00000000000000E+00  0.00000000000000E+00  0.00000000000000E+00  0.00000000000000E+00  0.00000000000000E+00  0.00000000000000E+00  0.00000000000000E+00  0.00000000000000E+00  0.00000000000000E+00  0.00000000000000E+00  0.00000000000000E+00  0.12657912999001E+06  0.00000000000000E+00  0.00000000000000E+00
  -0.75166039746495E+05  0.87501467757041E+04 -0.22100816627557E+04 -0.73335370092897E+04  0.79835788112583E+03 -0.17856115739869E+04 -0.10972855925882E+04 -0.14684453460855E+06  0.45393468564404E+05  0.28356088529399E+04 -0.80277938816675E+03 -0.26119745096473E+04 -0.19016527997961E+03 -0.19764439799219E+01 -0.10033234303526E+04  0.28577592050045E+03 -0.20459688443775E+04 -0.14000670116399E+04  0.20536304723104E+05  0.00000000000000E+00  0.00000000000000E+00  0.00000000000000E+00  0.00000000000000E+00  0.00000000000000E+00 -0.28865259191083E+03 -0.18497299516084E+04  0.15814552314563E+04  0.00000000000000E+00  0.00000000000000E+00  0.00000000000000E+00  0.00000000000000E+00  0.00000000000000E+00  0.00000000000000E+00  0.00000000000000E+00  0.00000000000000E+00  0.00000000000000E+00  0.00000000000000E+00  0.00000000000000E+00  0.95952645568369E+05  0.00000000000000E+00
  -0.59260463641052E+05  0.74161168899525E+04 -0.17876845543743E+04 -0.21710898783876E+05  0.24715747200005E+04 -0.50870677981520E+04 -0.32550495583076E+04 -0.18016597747167E+06  0.55138048051979E+05  0.35707559277728E+04 -0.99227621482022E+03 -0.81997973494754E-10 -0.10237261772184E-10  0.28245511144792E-12 -0.11282097525921E+04  0.32006871663296E+03 -0.22646125670578E+04 -0.15520352481009E+04  0.64382919292936E+05  0.41960671522004E+04  0.87498739711103E+03  0.26078970430331E+03  0.97518800406616E+02  0.41804785200350E+02 -0.30077933063824E+03 -0.19103609423503E+04  0.16147730588019E+04  0.00000000000000E+00  0.00000000000000E+00  0.00000000000000E+00  0.00000000000000E+00  0.00000000000000E+00  0.00000000000000E+00  0.00000000000000E+00  0.00000000000000E+00  0.00000000000000E+00  0.00000000000000E+00  0.00000000000000E+00  0.00000000000000E+00  0.10029963331253E+06

 # Covariance matrix (Bevington epsilon)
