 Correlated errors added in quadrature with statistical errors
 BNS_F2nd   DIS data with   1.69< Q2 < 0.100D+06 and 0.000 < xB < 1.000 and   3.00< W2 < 0.100D+08 and 0.000 < y < 1.000
   WBArel smearing  (AV18) - freepar off-shell nuke corrections
   GP TMC applied
   HT corrections, multiplicative C=C(xB)
 Correlated errors added in quadrature with statistical errors
 HerF2pCut  DIS data with   1.69< Q2 < 0.500D+03 and 0.000 < xB < 1.000 and   3.00< W2 < 0.100D+04 and 0.000 < y < 1.000
   GP TMC applied
   HT corrections, multiplicative C=C(xB)
 Correlated errors added in quadrature with statistical errors
 HerF2dCut  DIS data with   1.69< Q2 < 0.500D+03 and 0.000 < xB < 1.000 and   3.00< W2 < 0.100D+04 and 0.000 < y < 1.000
   WBArel smearing  (AV18) - freepar off-shell nuke corrections
   GP TMC applied
   HT corrections, multiplicative C=C(xB)
 Correlated errors added in quadrature with statistical errors
 slac_p     DIS data with   1.69< Q2 < 0.500D+03 and 0.000 < xB < 1.000 and   3.00< W2 < 0.100D+04 and 0.000 < y < 1.000
   GP TMC applied
   HT corrections, multiplicative C=C(xB)
 Correlated errors added in quadrature with statistical errors
 slac_d     DIS data with   1.69< Q2 < 0.500D+03 and 0.000 < xB < 1.000 and   3.00< W2 < 0.100D+04 and 0.000 < y < 1.000
   WBArel smearing  (AV18) - freepar off-shell nuke corrections
   GP TMC applied
   HT corrections, multiplicative C=C(xB)
 Correlated errors treated separately from statistical errors
 BcdF2pCor  DIS data with   1.69< Q2 < 0.500D+03 and 0.000 < xB < 1.000 and   3.00< W2 < 0.100D+04 and 0.000 < y < 1.000
   GP TMC applied
   HT corrections, multiplicative C=C(xB)
 Correlated errors treated separately from statistical errors
 BcdF2dCor  DIS data with   1.69< Q2 < 0.500D+03 and 0.000 < xB < 1.000 and   3.00< W2 < 0.100D+04 and 0.000 < y < 1.000
   WBArel smearing  (AV18) - freepar off-shell nuke corrections
   GP TMC applied
   HT corrections, multiplicative C=C(xB)
 Correlated errors treated separately from statistical errors
 NmcF2pCor  DIS data with   1.69< Q2 < 0.500D+03 and 0.000 < xB < 1.000 and   3.00< W2 < 0.100D+04 and 0.000 < y < 1.000
   GP TMC applied
   HT corrections, multiplicative C=C(xB)
 Correlated errors treated separately from statistical errors
 NmcRatCor  DIS data with   1.69< Q2 < 0.500D+03 and 0.000 < xB < 1.000 and   3.00< W2 < 0.100D+04 and 0.000 < y < 1.000
   WBArel smearing  (AV18) - freepar off-shell nuke corrections
   GP TMC applied
   HT corrections, multiplicative C=C(xB)
 Correlated errors treated separately from statistical errors
 H2_NC_em   DIS data with   1.69< Q2 < 0.100D+06 and 0.000 < xB < 1.000 and   3.00< W2 < 0.100D+08 and 0.000 < y < 1.000
   GP TMC applied
   HT corrections, multiplicative C=C(xB)
 Correlated errors treated separately from statistical errors
 H2_NC_ep_1 DIS data with   1.69< Q2 < 0.100D+06 and 0.000 < xB < 1.000 and   3.00< W2 < 0.100D+08 and 0.000 < y < 1.000
   GP TMC applied
   HT corrections, multiplicative C=C(xB)
 Correlated errors treated separately from statistical errors
 H2_NC_ep_2 DIS data with   1.69< Q2 < 0.100D+06 and 0.000 < xB < 1.000 and   3.00< W2 < 0.100D+08 and 0.000 < y < 1.000
   GP TMC applied
   HT corrections, multiplicative C=C(xB)
 Correlated errors treated separately from statistical errors
 H2_NC_ep_3 DIS data with   1.69< Q2 < 0.100D+06 and 0.000 < xB < 1.000 and   3.00< W2 < 0.100D+08 and 0.000 < y < 1.000
   GP TMC applied
   HT corrections, multiplicative C=C(xB)
 Correlated errors treated separately from statistical errors
 H2_NC_ep_4 DIS data with   1.69< Q2 < 0.100D+06 and 0.000 < xB < 1.000 and   3.00< W2 < 0.100D+08 and 0.000 < y < 1.000
   GP TMC applied
   HT corrections, multiplicative C=C(xB)
 Correlated errors treated separately from statistical errors
 H2_CC_em   DIS data with   1.69< Q2 < 0.100D+06 and 0.000 < xB < 1.000 and   3.00< W2 < 0.100D+08 and 0.000 < y < 1.000
   GP TMC applied
   HT corrections, multiplicative C=C(xB)
 Correlated errors treated separately from statistical errors
 H2_CC_ep   DIS data with   1.69< Q2 < 0.100D+06 and 0.000 < xB < 1.000 and   3.00< W2 < 0.100D+08 and 0.000 < y < 1.000
   GP TMC applied
   HT corrections, multiplicative C=C(xB)
 Correlated errors added in quadrature with statistical errors
 e866pp06xf vector boson data with Q2 >=  36.00
 Correlated errors added in quadrature with statistical errors
 e866pd06xf vector boson data with Q2 >=  36.00
 Correlated errors added in quadrature with statistical errors
 cdfLasy05  vector boson data with Q2 >=   0.00
 Correlated errors added in quadrature with statistical errors
 d0Lasy_e15 vector boson data with Q2 >=   0.00
 Correlated errors added in quadrature with statistical errors
 d0Lasy13   vector boson data with Q2 >=   0.00
 Correlated errors added in quadrature with statistical errors
 CDF_Wasy   vector boson data with Q2 >=   0.00
 Correlated errors added in quadrature with statistical errors
 D0_Wasy    vector boson data with Q2 >=   0.00
 Correlated errors added in quadrature with statistical errors
 CDF_Z      vector boson data with Q2 >=   0.00
 Correlated errors added in quadrature with statistical errors
 D0_Z       vector boson data with Q2 >=   0.00
 Correlated errors added in quadrature with statistical errors
 d0run2coneJet data - errors added in quadrature
 Correlated errors added in quadrature with statistical errors
 CDFrun2jetJet data - errors added in quadrature
 Correlated errors added in quadrature with statistical errors
 d0_gamjet1 Photon data -- cuts to be written yet ...
 Correlated errors added in quadrature with statistical errors
 d0_gamjet2 Photon data -- cuts to be written yet ...
 Correlated errors added in quadrature with statistical errors
 d0_gamjet3 Photon data -- cuts to be written yet ...
 Correlated errors added in quadrature with statistical errors
 d0_gamjet4 Photon data -- cuts to be written yet ...

# fitpack15: fit output
# CJ15 AV18 final data choices                                                 

Parametrization   7 used here

 S-ACOT scheme used  for NC DIS

 charm mass =     1.30 GeV     bottom mass =     4.50 GeV



 THIS IS A NEXT TO LEADING ORDER FIT

 Q02=    1.69
         1  LAMBDA      VALUE=   0.22680      WEIGHT=    0.0000    
         2  a0uv        VALUE=    2.0733      WEIGHT=    0.0000    
         3  a1uv        VALUE=   0.58085      WEIGHT=   0.22523E-01
         4  a2uv        VALUE=    3.5627      WEIGHT=   0.11676E-01
         5  a3uv        VALUE=    0.0000      WEIGHT=    0.0000    
         6  a4uv        VALUE=    4.2340      WEIGHT=   0.56330    
         7  a5uv        VALUE=    0.0000      WEIGHT=    0.0000    
         8  a0dv        VALUE=    24.594      WEIGHT=    0.0000    
         9  a1dv        VALUE=    1.1552      WEIGHT=   0.32679E-01
        10  a2dv        VALUE=    6.5743      WEIGHT=   0.16032    
        11  a3dv        VALUE=   -3.5087      WEIGHT=   0.85354E-01
        12  a4dv        VALUE=    4.6777      WEIGHT=   0.13903    
        13  a5dv        VALUE=    0.0000      WEIGHT=    0.0000    
        14  a0ud        VALUE=   0.14365      WEIGHT=   0.49942E-02
        15  a1ud        VALUE=  -0.20954      WEIGHT=   0.37811E-02
        16  a2ud        VALUE=    8.4089      WEIGHT=   0.19103    
        17  a3ud        VALUE=    0.0000      WEIGHT=    0.0000    
        18  a4ud        VALUE=    14.734      WEIGHT=    1.2477    
        19  a5ud        VALUE=    0.0000      WEIGHT=    0.0000    
        20  a0du        VALUE=    35712.      WEIGHT=    0.0000    
        21  a1du        VALUE=    4.1188      WEIGHT=   0.10425    
        22  a2du        VALUE=    20.764      WEIGHT=    1.0923    
        23  a3du        VALUE=    17.000      WEIGHT=    0.0000    
        24  a4du        VALUE=    59.872      WEIGHT=    16.166    
        25  a0g         VALUE=    44.629      WEIGHT=    0.0000    
        26  a1g         VALUE=   0.59907      WEIGHT=   0.30321E-01
        27  a2g         VALUE=    6.1160      WEIGHT=   0.86408    
        28  a3g         VALUE=   -3.3578      WEIGHT=   0.12571    
        29  a4g         VALUE=    3.2433      WEIGHT=   0.29705    
        30  a5g         VALUE=    0.0000      WEIGHT=    0.0000    
        31  kappa       VALUE=   0.40000      WEIGHT=    0.0000    
        32  a6dv        VALUE=  -0.38484E-02  WEIGHT=   0.71922E-03
        33  a7dv        VALUE=    2.0000      WEIGHT=    0.0000    
        34  off1        VALUE=  -0.14055      WEIGHT=   0.12207    
        35  off2        VALUE=   0.32876      WEIGHT=   0.74611    
        36  off3        VALUE=  -0.72073      WEIGHT=    1.0417    
        37  off4        VALUE=    0.0000      WEIGHT=    1.0000    
        38  ht1         VALUE=   -3.8151      WEIGHT=   0.33562    
        39  ht2         VALUE=    2.0803      WEIGHT=   0.12017    
        40  ht3         VALUE=   -2.0966      WEIGHT=   0.28237E-01
        41  ht4         VALUE=    0.0000      WEIGHT=    0.0000    
        42  dummy42     VALUE=    0.0000      WEIGHT=    0.0000    
        43  dummy43     VALUE=    0.0000      WEIGHT=    0.0000    
        44  dummy44     VALUE=    0.0000      WEIGHT=    0.0000    
        45  dummy45     VALUE=    0.0000      WEIGHT=    0.0000    
        46  dummy46     VALUE=    0.0000      WEIGHT=    0.0000    
        47  dummy47     VALUE=    0.0000      WEIGHT=    0.0000    
        48  dummy48     VALUE=    0.0000      WEIGHT=    0.0000    
        49  dummy49     VALUE=    0.0000      WEIGHT=    0.0000    
        50  bcdmsh2     VALUE=   0.96775      WEIGHT=   0.50584E-02
        51  bcdmsd2     VALUE=   0.99019      WEIGHT=   0.60503E-02
        52  ccfr        VALUE=    1.0000      WEIGHT=    0.0000    
        53  nutev       VALUE=    1.0000      WEIGHT=    0.0000    
        54  zeus        VALUE=   0.97998      WEIGHT=    0.0000    
        55  h1          VALUE=    1.0162      WEIGHT=    0.0000    
        56  e605        VALUE=    1.0319      WEIGHT=    0.0000    
        57  NmcH2       VALUE=    1.0043      WEIGHT=   0.72227E-02
        58  ntv_nu      VALUE=    1.0000      WEIGHT=    0.0000    
        59  ntv_nuba    VALUE=    1.0000      WEIGHT=    0.0000    
        60  cdf_jet     VALUE=   0.98910      WEIGHT=    0.0000    
        61  d0_jet      VALUE=   0.83504      WEIGHT=    0.0000    
        62  slac_p      VALUE=    1.0001      WEIGHT=   0.52300E-02
        63  slac_d      VALUE=    1.0004      WEIGHT=   0.57077E-02
        64  e866pp      VALUE=   0.96936      WEIGHT=   0.19668E-01
        65  e866pd      VALUE=   0.94414      WEIGHT=   0.17509E-01
        66  d0_gamje    VALUE=    1.0388      WEIGHT=   0.16511E-01
        67  h1b         VALUE=   0.97608      WEIGHT=    0.0000    
        68  blank       VALUE=    1.0000      WEIGHT=    0.0000    
        69  d0run2      VALUE=   0.95320      WEIGHT=   0.15066E-01
        70  cdfrun2     VALUE=   0.93847      WEIGHT=   0.17760E-01
        71  HERA_el     VALUE=    1.0000      WEIGHT=    0.0000    
        72  HERA_ps     VALUE=    1.0000      WEIGHT=    0.0000    
        73  CDF_Z       VALUE=   0.95339      WEIGHT=   0.68236E-02
        74  NmcRat      VALUE=    1.0000      WEIGHT=    0.0000    
        75  HERMES_F    VALUE=   0.99286      WEIGHT=   0.58827E-02
        76  HERMES_F    VALUE=   0.97648      WEIGHT=   0.61449E-02
        77  BNS_F2nd    VALUE=   0.97281      WEIGHT=   0.72611E-02
0THE TOLERANCE IS    0.1000
 THE MAXIMUM NUMBER OF STEPS IS 100
0THE INITIAL CHI SQUARED IS  4.40265E+03
0  STEP  CHI SQUARED    PARAMETER      VALUE         ERROR
 ------------------------------------------------------------
     1    4.40165E+03
                       1  LAMBDA     2.2680E-01       FIX 
                       2  a0uv       2.0564E+00       FIX 
                       3  a1uv       5.7903E-01           
                       4  a2uv       3.5629E+00           
                       5  a3uv       0.0000E+00       FIX 
                       6  a4uv       4.2786E+00           
                       7  a5uv       0.0000E+00       FIX 
                       8  a0dv       2.4452E+01       FIX 
                       9  a1dv       1.1535E+00           
                      10  a2dv       6.5868E+00           
                      11  a3dv      -3.5112E+00           
                      12  a4dv       4.6941E+00           
                      13  a5dv       0.0000E+00       FIX 
                      14  a0ud       1.4338E-01           
                      15  a1ud      -2.0972E-01           
                      16  a2ud       8.4213E+00           
                      17  a3ud       0.0000E+00       FIX 
                      18  a4ud       1.4878E+01           
                      19  a5ud       0.0000E+00       FIX 
                      20  a0du       3.5712E+04       FIX 
                      21  a1du       4.1104E+00           
                      22  a2du       2.0757E+01           
                      23  a3du       1.7000E+01       FIX 
                      24  a4du       5.9509E+01           
                      25  a0g        4.4538E+01       FIX 
                      26  a1g        5.9853E-01           
                      27  a2g        6.1163E+00           
                      28  a3g       -3.3595E+00           
                      29  a4g        3.2475E+00           
                      30  a5g        0.0000E+00       FIX 
                      31  kappa      4.0000E-01       FIX 
                      32  a6dv      -4.0235E-03           
                      33  a7dv       2.0000E+00       FIX 
                      34  off1      -1.3583E-01           
                      35  off2       5.8173E-01           
                      36  off3      -2.3206E+00           
                      37  off4       1.9226E+00           
                      38  ht1       -3.8293E+00           
                      39  ht2        2.0867E+00           
                      40  ht3       -2.0955E+00           
                      41  ht4        0.0000E+00       FIX 
                      42  dummy42    0.0000E+00       FIX 
                      43  dummy43    0.0000E+00       FIX 
                      44  dummy44    0.0000E+00       FIX 
                      45  dummy45    0.0000E+00       FIX 
                      46  dummy46    0.0000E+00       FIX 
                      47  dummy47    0.0000E+00       FIX 
                      48  dummy48    0.0000E+00       FIX 
                      49  dummy49    0.0000E+00       FIX 
                      50  bcdmsh2    9.6761E-01           
                      51  bcdmsd2    9.9039E-01           
                      52  ccfr       1.0000E+00       FIX 
                      53  nutev      1.0000E+00       FIX 
                      54  zeus       9.7998E-01       FIX 
                      55  h1         1.0162E+00       FIX 
                      56  e605       1.0319E+00       FIX 
                      57  NmcH2      1.0044E+00           
                      58  ntv_nu     1.0000E+00       FIX 
                      59  ntv_nuba   1.0000E+00       FIX 
                      60  cdf_jet    9.8910E-01       FIX 
                      61  d0_jet     8.3504E-01       FIX 
                      62  slac_p     1.0000E+00           
                      63  slac_d     1.0008E+00           
                      64  e866pp     9.6962E-01           
                      65  e866pd     9.4601E-01           
                      66  d0_gamje   1.0384E+00           
                      67  h1b        9.7608E-01       FIX 
                      68  blank      1.0000E+00       FIX 
                      69  d0run2     9.5304E-01           
                      70  cdfrun2    9.3834E-01           
                      71  HERA_el    1.0000E+00       FIX 
                      72  HERA_ps    1.0000E+00       FIX 
                      73  CDF_Z      9.5365E-01           
                      74  NmcRat     1.0000E+00       FIX 
                      75  HERMES_F   9.9285E-01           
                      76  HERMES_F   9.7674E-01           
                      77  BNS_F2nd   9.7235E-01           
 ------------------------------------------------------------
     2    4.40027E+03
                       1  LAMBDA     2.2680E-01       FIX 
                       2  a0uv       2.0059E+00       FIX 
                       3  a1uv       5.7356E-01           
                       4  a2uv       3.5638E+00           
                       5  a3uv       0.0000E+00       FIX 
                       6  a4uv       4.4176E+00           
                       7  a5uv       0.0000E+00       FIX 
                       8  a0dv       2.4361E+01       FIX 
                       9  a1dv       1.1505E+00           
                      10  a2dv       6.6293E+00           
                      11  a3dv      -3.5363E+00           
                      12  a4dv       4.7637E+00           
                      13  a5dv       0.0000E+00       FIX 
                      14  a0ud       1.4195E-01           
                      15  a1ud      -2.1071E-01           
                      16  a2ud       8.4408E+00           
                      17  a3ud       0.0000E+00       FIX 
                      18  a4ud       1.5302E+01           
                      19  a5ud       0.0000E+00       FIX 
                      20  a0du       3.5712E+04       FIX 
                      21  a1du       4.1023E+00           
                      22  a2du       2.0598E+01           
                      23  a3du       1.7000E+01       FIX 
                      24  a4du       6.1098E+01           
                      25  a0g        4.4782E+01       FIX 
                      26  a1g        5.9873E-01           
                      27  a2g        6.1626E+00           
                      28  a3g       -3.3729E+00           
                      29  a4g        3.2797E+00           
                      30  a5g        0.0000E+00       FIX 
                      31  kappa      4.0000E-01       FIX 
                      32  a6dv      -4.3196E-03           
                      33  a7dv       2.0000E+00       FIX 
                      34  off1      -1.7837E-01           
                      35  off2       1.7252E+00           
                      36  off3      -6.8872E+00           
                      37  off4       6.4654E+00           
                      38  ht1       -3.8623E+00           
                      39  ht2        2.1018E+00           
                      40  ht3       -2.0935E+00           
                      41  ht4        0.0000E+00       FIX 
                      42  dummy42    0.0000E+00       FIX 
                      43  dummy43    0.0000E+00       FIX 
                      44  dummy44    0.0000E+00       FIX 
                      45  dummy45    0.0000E+00       FIX 
                      46  dummy46    0.0000E+00       FIX 
                      47  dummy47    0.0000E+00       FIX 
                      48  dummy48    0.0000E+00       FIX 
                      49  dummy49    0.0000E+00       FIX 
                      50  bcdmsh2    9.6745E-01           
                      51  bcdmsd2    9.9008E-01           
                      52  ccfr       1.0000E+00       FIX 
                      53  nutev      1.0000E+00       FIX 
                      54  zeus       9.7998E-01       FIX 
                      55  h1         1.0162E+00       FIX 
                      56  e605       1.0319E+00       FIX 
                      57  NmcH2      1.0047E+00           
                      58  ntv_nu     1.0000E+00       FIX 
                      59  ntv_nuba   1.0000E+00       FIX 
                      60  cdf_jet    9.8910E-01       FIX 
                      61  d0_jet     8.3504E-01       FIX 
                      62  slac_p     9.9988E-01           
                      63  slac_d     1.0009E+00           
                      64  e866pp     9.7168E-01           
                      65  e866pd     9.5052E-01           
                      66  d0_gamje   1.0376E+00           
                      67  h1b        9.7608E-01       FIX 
                      68  blank      1.0000E+00       FIX 
                      69  d0run2     9.5303E-01           
                      70  cdfrun2    9.3832E-01           
                      71  HERA_el    1.0000E+00       FIX 
                      72  HERA_ps    1.0000E+00       FIX 
                      73  CDF_Z      9.5377E-01           
                      74  NmcRat     1.0000E+00       FIX 
                      75  HERMES_F   9.9292E-01           
                      76  HERMES_F   9.7680E-01           
                      77  BNS_F2nd   9.7326E-01           
 ------------------------------------------------------------
     3    4.40015E+03
                       1  LAMBDA     2.2680E-01       FIX 
                       2  a0uv       1.9742E+00       FIX 
                       3  a1uv       5.7003E-01           
                       4  a2uv       3.5645E+00           
                       5  a3uv       0.0000E+00       FIX 
                       6  a4uv       4.5071E+00           
                       7  a5uv       0.0000E+00       FIX 
                       8  a0dv       2.4361E+01       FIX 
                       9  a1dv       1.1497E+00           
                      10  a2dv       6.6480E+00           
                      11  a3dv      -3.5463E+00           
                      12  a4dv       4.7906E+00           
                      13  a5dv       0.0000E+00       FIX 
                      14  a0ud       1.4132E-01           
                      15  a1ud      -2.1113E-01           
                      16  a2ud       8.4521E+00           
                      17  a3ud       0.0000E+00       FIX 
                      18  a4ud       1.5517E+01           
                      19  a5ud       0.0000E+00       FIX 
                      20  a0du       3.5712E+04       FIX 
                      21  a1du       4.0983E+00           
                      22  a2du       2.0575E+01           
                      23  a3du       1.7000E+01       FIX 
                      24  a4du       6.0653E+01           
                      25  a0g        4.4955E+01       FIX 
                      26  a1g        5.9903E-01           
                      27  a2g        6.1729E+00           
                      28  a3g       -3.3792E+00           
                      29  a4g        3.2913E+00           
                      30  a5g        0.0000E+00       FIX 
                      31  kappa      4.0000E-01       FIX 
                      32  a6dv      -4.4509E-03           
                      33  a7dv       2.0000E+00       FIX 
                      34  off1      -1.8958E-01           
                      35  off2       2.1616E+00           
                      36  off3      -8.7018E+00           
                      37  off4       8.2933E+00           
                      38  ht1       -3.8786E+00           
                      39  ht2        2.1091E+00           
                      40  ht3       -2.0927E+00           
                      41  ht4        0.0000E+00       FIX 
                      42  dummy42    0.0000E+00       FIX 
                      43  dummy43    0.0000E+00       FIX 
                      44  dummy44    0.0000E+00       FIX 
                      45  dummy45    0.0000E+00       FIX 
                      46  dummy46    0.0000E+00       FIX 
                      47  dummy47    0.0000E+00       FIX 
                      48  dummy48    0.0000E+00       FIX 
                      49  dummy49    0.0000E+00       FIX 
                      50  bcdmsh2    9.6729E-01           
                      51  bcdmsd2    9.8983E-01           
                      52  ccfr       1.0000E+00       FIX 
                      53  nutev      1.0000E+00       FIX 
                      54  zeus       9.7998E-01       FIX 
                      55  h1         1.0162E+00       FIX 
                      56  e605       1.0319E+00       FIX 
                      57  NmcH2      1.0047E+00           
                      58  ntv_nu     1.0000E+00       FIX 
                      59  ntv_nuba   1.0000E+00       FIX 
                      60  cdf_jet    9.8910E-01       FIX 
                      61  d0_jet     8.3504E-01       FIX 
                      62  slac_p     9.9973E-01           
                      63  slac_d     1.0008E+00           
                      64  e866pp     9.7289E-01           
                      65  e866pd     9.5274E-01           
                      66  d0_gamje   1.0371E+00           
                      67  h1b        9.7608E-01       FIX 
                      68  blank      1.0000E+00       FIX 
                      69  d0run2     9.5292E-01           
                      70  cdfrun2    9.3825E-01           
                      71  HERA_el    1.0000E+00       FIX 
                      72  HERA_ps    1.0000E+00       FIX 
                      73  CDF_Z      9.5376E-01           
                      74  NmcRat     1.0000E+00       FIX 
                      75  HERMES_F   9.9285E-01           
                      76  HERMES_F   9.7672E-01           
                      77  BNS_F2nd   9.7373E-01           
 ------------------------------------------------------------
     4    4.40009E+03
                       1  LAMBDA     2.2680E-01    0.0000E+00
                       2  a0uv       1.9677E+00    0.0000E+00
                       3  a1uv       5.6927E-01    2.3680E-02
                       4  a2uv       3.5649E+00    1.1358E-02
                       5  a3uv       0.0000E+00    0.0000E+00
                       6  a4uv       4.5256E+00    6.2879E-01
                       7  a5uv       0.0000E+00    0.0000E+00
                       8  a0dv       2.4354E+01    0.0000E+00
                       9  a1dv       1.1495E+00    3.2613E-02
                      10  a2dv       6.6492E+00    1.6654E-01
                      11  a3dv      -3.5470E+00    8.7719E-02
                      12  a4dv       4.7920E+00    1.5320E-01
                      13  a5dv       0.0000E+00    0.0000E+00
                      14  a0ud       1.4123E-01    5.0288E-03
                      15  a1ud      -2.1119E-01    3.8594E-03
                      16  a2ud       8.4530E+00    1.8654E-01
                      17  a3ud       0.0000E+00    0.0000E+00
                      18  a4ud       1.5543E+01    1.3050E+00
                      19  a5ud       0.0000E+00    0.0000E+00
                      20  a0du       3.5712E+04    0.0000E+00
                      21  a1du       4.1007E+00    1.0291E-01
                      22  a2du       2.0569E+01    1.0581E+00
                      23  a3du       1.7000E+01    0.0000E+00
                      24  a4du       6.1105E+01    1.7019E+01
                      25  a0g        4.4897E+01    0.0000E+00
                      26  a1g        5.9878E-01    3.0416E-02
                      27  a2g        6.1712E+00    8.5226E-01
                      28  a3g       -3.3785E+00    1.2806E-01
                      29  a4g        3.2907E+00    3.0838E-01
                      30  a5g        0.0000E+00    0.0000E+00
                      31  kappa      4.0000E-01    0.0000E+00
                      32  a6dv      -4.4695E-03    7.9386E-04
                      33  a7dv       2.0000E+00    0.0000E+00
                      34  off1      -1.9130E-01    1.3076E-01
                      35  off2       2.1918E+00    1.4593E+00
                      36  off3      -8.8214E+00    5.2768E+00
                      37  off4       8.4142E+00    5.2607E+00
                      38  ht1       -3.8834E+00    3.4453E-01
                      39  ht2        2.1110E+00    1.2287E-01
                      40  ht3       -2.0926E+00    2.8330E-02
                      41  ht4        0.0000E+00    0.0000E+00
                      42  dummy42    0.0000E+00    0.0000E+00
                      43  dummy43    0.0000E+00    0.0000E+00
                      44  dummy44    0.0000E+00    0.0000E+00
                      45  dummy45    0.0000E+00    0.0000E+00
                      46  dummy46    0.0000E+00    0.0000E+00
                      47  dummy47    0.0000E+00    0.0000E+00
                      48  dummy48    0.0000E+00    0.0000E+00
                      49  dummy49    0.0000E+00    0.0000E+00
                      50  bcdmsh2    9.6724E-01    5.0667E-03
                      51  bcdmsd2    9.8978E-01    6.0573E-03
                      52  ccfr       1.0000E+00    0.0000E+00
                      53  nutev      1.0000E+00    0.0000E+00
                      54  zeus       9.7998E-01    0.0000E+00
                      55  h1         1.0162E+00    0.0000E+00
                      56  e605       1.0319E+00    0.0000E+00
                      57  NmcH2      1.0047E+00    7.2619E-03
                      58  ntv_nu     1.0000E+00    0.0000E+00
                      59  ntv_nuba   1.0000E+00    0.0000E+00
                      60  cdf_jet    9.8910E-01    0.0000E+00
                      61  d0_jet     8.3504E-01    0.0000E+00
                      62  slac_p     9.9969E-01    5.2435E-03
                      63  slac_d     1.0008E+00    5.7513E-03
                      64  e866pp     9.7327E-01    1.9861E-02
                      65  e866pd     9.5291E-01    1.8010E-02
                      66  d0_gamje   1.0370E+00    1.6506E-02
                      67  h1b        9.7608E-01    0.0000E+00
                      68  blank      1.0000E+00    0.0000E+00
                      69  d0run2     9.5295E-01    1.5047E-02
                      70  cdfrun2    9.3830E-01    1.7755E-02
                      71  HERA_el    1.0000E+00    0.0000E+00
                      72  HERA_ps    1.0000E+00    0.0000E+00
                      73  CDF_Z      9.5363E-01    6.9104E-03
                      74  NmcRat     1.0000E+00    0.0000E+00
                      75  HERMES_F   9.9282E-01    5.9079E-03
                      76  HERMES_F   9.7667E-01    6.1749E-03
                      77  BNS_F2nd   9.7372E-01    7.2964E-03
0 MINIMIZATION TERMINATED WITH STEP  4
  TOLERANCE CRITERION      SATISFIED
0 CHI SQUARED PER DEGREE OF FREEDOM IS  1.040E+00
   1.000 -0.239 -0.984  0.219 -0.019  0.140 -0.277  0.441  0.382 -0.337 -0.540 -0.183 -0.159  0.052  0.166  0.125 -0.008  0.019  0.209 -0.215  0.115 -0.041  0.008  0.117 -0.213  0.045  0.327  0.270  0.189  0.329  0.295 -0.411 -0.245  0.105 -0.129 -0.112  0.386  0.289  0.259  0.041
  -0.239  1.000  0.380  0.310  0.326 -0.187  0.092 -0.067 -0.067  0.325  0.171  0.257 -0.074  0.172  0.020  0.107  0.052  0.021 -0.079 -0.057 -0.017  0.032 -0.040 -0.574  0.357  0.293  0.176  0.105  0.060  0.080  0.092  0.136 -0.030  0.025 -0.095 -0.053 -0.000  0.110  0.098 -0.102
  -0.984  0.380  1.000 -0.137  0.082 -0.172  0.283 -0.422 -0.370  0.384  0.563  0.215  0.150 -0.019 -0.138 -0.076  0.026 -0.016 -0.197  0.197 -0.107  0.040 -0.011 -0.195  0.255  0.026 -0.219 -0.189 -0.128 -0.218 -0.197  0.472  0.291 -0.092  0.080  0.074 -0.310 -0.190 -0.169 -0.040
   0.219  0.310 -0.137  1.000  0.779 -0.610  0.017  0.136  0.089 -0.077 -0.167  0.294 -0.222  0.153  0.332  0.257 -0.215  0.232  0.344 -0.088 -0.003  0.041 -0.045 -0.250  0.135  0.233  0.309  0.231  0.138  0.311  0.247  0.071 -0.061  0.055 -0.089 -0.077  0.219  0.289  0.242 -0.008
  -0.019  0.326  0.082  0.779  1.000 -0.880  0.585 -0.125 -0.136  0.187  0.179  0.102 -0.073  0.173  0.202  0.162 -0.241  0.225 -0.157 -0.121  0.221 -0.254  0.276 -0.110 -0.017  0.116  0.168  0.124  0.134  0.128  0.103  0.106  0.062  0.011 -0.026 -0.032  0.129  0.148  0.124  0.011
   0.140 -0.187 -0.172 -0.610 -0.880  1.000 -0.757  0.292  0.282 -0.183 -0.329 -0.010  0.071 -0.243 -0.159 -0.213  0.244 -0.272  0.038  0.135 -0.269  0.269 -0.260  0.149 -0.063 -0.135 -0.088 -0.063 -0.147 -0.065 -0.053 -0.150 -0.175  0.019  0.024  0.020 -0.078 -0.102 -0.090 -0.143
  -0.277  0.092  0.283  0.017  0.585 -0.757  1.000 -0.409 -0.371  0.434  0.587 -0.299  0.176  0.069 -0.051  0.054 -0.098  0.108 -0.447 -0.047  0.348 -0.409  0.416  0.042 -0.108  0.003 -0.030 -0.023  0.124 -0.067 -0.038  0.135  0.307 -0.056 -0.013 -0.012  0.051 -0.016 -0.001  0.189
   0.441 -0.067 -0.422  0.136 -0.125  0.292 -0.409  1.000  0.968 -0.405 -0.786  0.031 -0.080 -0.148 -0.068 -0.025  0.193 -0.143  0.174  0.058 -0.141  0.161 -0.161 -0.028 -0.021  0.059  0.244  0.200  0.159  0.245  0.212 -0.082 -0.071  0.091 -0.004 -0.004  0.317  0.219  0.191 -0.007
   0.382 -0.067 -0.370  0.089 -0.136  0.282 -0.371  0.968  1.000 -0.360 -0.739  0.022 -0.061 -0.136 -0.176 -0.093  0.231 -0.191  0.143  0.054 -0.135  0.151 -0.151 -0.019 -0.022  0.036  0.189  0.155  0.133  0.182  0.155 -0.092 -0.086  0.079  0.020  0.013  0.249  0.163  0.140 -0.017
  -0.337  0.325  0.384 -0.077  0.187 -0.183  0.434 -0.405 -0.360  1.000  0.737 -0.291  0.442 -0.177 -0.059 -0.147 -0.187  0.062 -0.254  0.268 -0.146  0.034  0.017  0.069  0.000 -0.170 -0.095 -0.058  0.005 -0.081 -0.043  0.017  0.069 -0.033  0.132  0.077 -0.083 -0.040 -0.006 -0.096
  -0.540  0.171  0.563 -0.167  0.179 -0.329  0.587 -0.786 -0.739  0.737  1.000 -0.279  0.298 -0.140 -0.029 -0.068 -0.104  0.013 -0.278  0.235  0.065 -0.174  0.203  0.089 -0.073 -0.082 -0.037 -0.021  0.059 -0.001  0.039  0.314  0.460 -0.103 -0.047 -0.059  0.027  0.026  0.066  0.109
  -0.183  0.257  0.215  0.294  0.102 -0.010 -0.299  0.031  0.022 -0.291 -0.279  1.000 -0.599  0.475  0.072  0.026 -0.090  0.086  0.198 -0.416 -0.007  0.144 -0.182 -0.199  0.225  0.047 -0.009  0.023 -0.027  0.005 -0.015  0.278 -0.250  0.049  0.090  0.072 -0.293  0.023 -0.029 -0.192
  -0.159 -0.074  0.150 -0.222 -0.073  0.071  0.176 -0.080 -0.061  0.442  0.298 -0.599  1.000 -0.162 -0.210 -0.195  0.180 -0.220 -0.183  0.284 -0.311  0.228 -0.170  0.224 -0.242 -0.134 -0.001 -0.004 -0.002 -0.022 -0.028  0.089  0.105 -0.012 -0.019 -0.026  0.007 -0.039 -0.022 -0.170
   0.052  0.172 -0.019  0.153  0.173 -0.243  0.069 -0.148 -0.136 -0.177 -0.140  0.475 -0.162  1.000 -0.006  0.142 -0.139  0.206  0.054 -0.750  0.296 -0.115  0.053 -0.151  0.179  0.048  0.082  0.076  0.126  0.075  0.041  0.133 -0.262  0.083  0.073  0.065 -0.286  0.082  0.044 -0.255
   0.166  0.020 -0.138  0.332  0.202 -0.159 -0.051 -0.068 -0.176 -0.059 -0.029  0.072 -0.210 -0.006  1.000  0.711 -0.719  0.793  0.157 -0.012  0.054 -0.049  0.045 -0.073  0.138  0.101  0.132  0.105 -0.028  0.182  0.168 -0.071 -0.026  0.031 -0.047 -0.011  0.138  0.165  0.155  0.058
   0.125  0.107 -0.076  0.257  0.162 -0.213  0.054 -0.025 -0.093 -0.147 -0.068  0.026 -0.195  0.142  0.711  1.000 -0.344  0.750  0.137 -0.103  0.131 -0.088  0.065 -0.325  0.390  0.387  0.171  0.123  0.057  0.255  0.230 -0.013  0.050  0.037 -0.285 -0.136  0.153  0.226  0.213  0.137
  -0.008  0.052  0.026 -0.215 -0.241  0.244 -0.098  0.193  0.231 -0.187 -0.104 -0.090  0.180 -0.139 -0.719 -0.344  1.000 -0.860 -0.036  0.085 -0.094  0.116 -0.127 -0.127 -0.053  0.260  0.125  0.075  0.134  0.121  0.089  0.211  0.225 -0.018 -0.357 -0.261  0.215  0.068  0.052  0.106
   0.019  0.021 -0.016  0.232  0.225 -0.272  0.108 -0.143 -0.191  0.062  0.013  0.086 -0.220  0.206  0.793  0.750 -0.860  1.000  0.075 -0.130  0.126 -0.117  0.115 -0.103  0.294  0.007 -0.080 -0.054 -0.107 -0.041 -0.025 -0.202 -0.200  0.033  0.150  0.157 -0.174 -0.009  0.000 -0.034
   0.209 -0.079 -0.197  0.344 -0.157  0.038 -0.447  0.174  0.143 -0.254 -0.278  0.198 -0.183  0.054  0.157  0.137 -0.036  0.075  1.000 -0.003 -0.184  0.299 -0.375 -0.271  0.255  0.196  0.144  0.103  0.030  0.178  0.138 -0.014 -0.093  0.037 -0.071 -0.044  0.086  0.152  0.126  0.067
  -0.215 -0.057  0.197 -0.088 -0.121  0.135 -0.047  0.058  0.054  0.268  0.235 -0.416  0.284 -0.750 -0.012 -0.103  0.085 -0.130 -0.003  1.000 -0.649  0.444 -0.349  0.097 -0.112 -0.049 -0.079 -0.090 -0.081 -0.070 -0.075 -0.000  0.277 -0.073 -0.035 -0.033  0.191 -0.068 -0.074  0.142
   0.115 -0.017 -0.107 -0.003  0.221 -0.269  0.348 -0.141 -0.135 -0.146  0.065 -0.007 -0.311  0.296  0.054  0.131 -0.094  0.126 -0.184 -0.649  1.000 -0.937  0.858 -0.089  0.094  0.109  0.100 -0.019  0.122  0.106  0.047 -0.007  0.123 -0.005 -0.051 -0.038  0.096  0.115  0.049  0.232
  -0.041  0.032  0.040  0.041 -0.254  0.269 -0.409  0.161  0.151  0.034 -0.174  0.144  0.228 -0.115 -0.049 -0.088  0.116 -0.117  0.299  0.444 -0.937  1.000 -0.980  0.068 -0.076 -0.091 -0.054 -0.010 -0.105 -0.057 -0.094  0.016 -0.203  0.028  0.036  0.032 -0.135 -0.088 -0.074 -0.167
   0.008 -0.040 -0.011 -0.045  0.276 -0.260  0.416 -0.161 -0.151  0.017  0.203 -0.182 -0.170  0.053  0.045  0.065 -0.127  0.115 -0.375 -0.349  0.858 -0.980  1.000 -0.056  0.066  0.074  0.024  0.028  0.089  0.030  0.107 -0.021  0.208 -0.034 -0.018 -0.020  0.127  0.066  0.081  0.097
   0.117 -0.574 -0.195 -0.250 -0.110  0.149  0.042 -0.028 -0.019  0.069  0.089 -0.199  0.224 -0.151 -0.073 -0.325 -0.127 -0.103 -0.271  0.097 -0.089  0.068 -0.056  1.000 -0.838 -0.571 -0.073 -0.048  0.009 -0.090 -0.088  0.003  0.068 -0.016  0.169  0.075  0.029 -0.084 -0.079 -0.032
  -0.213  0.357  0.255  0.135 -0.017 -0.063 -0.108 -0.021 -0.022  0.000 -0.073  0.225 -0.242  0.179  0.138  0.390 -0.053  0.294  0.255 -0.112  0.094 -0.076  0.066 -0.838  1.000  0.308 -0.085 -0.075 -0.104  0.055  0.060 -0.076 -0.164  0.016 -0.019  0.045 -0.218  0.026  0.022 -0.019
   0.045  0.293  0.026  0.233  0.116 -0.135  0.003  0.059  0.036 -0.170 -0.082  0.047 -0.134  0.048  0.101  0.387  0.260  0.007  0.196 -0.049  0.109 -0.091  0.074 -0.571  0.308  1.000  0.231  0.178  0.093  0.081  0.084  0.101  0.136  0.014 -0.333 -0.209  0.213  0.130  0.125  0.138
   0.327  0.176 -0.219  0.309  0.168 -0.088 -0.030  0.244  0.189 -0.095 -0.037 -0.009 -0.001  0.082  0.132  0.171  0.125 -0.080  0.144 -0.079  0.100 -0.054  0.024 -0.073 -0.085  0.231  1.000  0.523  0.422  0.729  0.647  0.388  0.434  0.066 -0.283 -0.242  0.615  0.641  0.593  0.138
   0.270  0.105 -0.189  0.231  0.124 -0.063 -0.023  0.200  0.155 -0.058 -0.021  0.023 -0.004  0.076  0.105  0.123  0.075 -0.054  0.103 -0.090 -0.019 -0.010  0.028 -0.048 -0.075  0.178  0.523  1.000  0.359  0.574  0.697  0.331  0.348  0.055 -0.211 -0.185  0.492  0.526  0.617 -0.057
   0.189  0.060 -0.128  0.138  0.134 -0.147  0.124  0.159  0.133  0.005  0.059 -0.027 -0.002  0.126 -0.028  0.057  0.134 -0.107  0.030 -0.081  0.122 -0.105  0.089  0.009 -0.104  0.093  0.422  0.359  1.000  0.475  0.453  0.331  0.381  0.037 -0.187 -0.163  0.450  0.457  0.438  0.098
   0.329  0.080 -0.218  0.311  0.128 -0.065 -0.067  0.245  0.182 -0.081 -0.001  0.005 -0.022  0.075  0.182  0.255  0.121 -0.041  0.178 -0.070  0.106 -0.057  0.030 -0.090  0.055  0.081  0.729  0.574  0.475  1.000  0.821  0.467  0.525  0.067 -0.326 -0.275  0.683  0.783  0.722  0.176
   0.295  0.092 -0.197  0.247  0.103 -0.053 -0.038  0.212  0.155 -0.043  0.039 -0.015 -0.028  0.041  0.168  0.230  0.089 -0.025  0.138 -0.075  0.047 -0.094  0.107 -0.088  0.060  0.084  0.647  0.697  0.453  0.821  1.000  0.429  0.504  0.054 -0.302 -0.254  0.646  0.722  0.820 -0.008
  -0.411  0.136  0.472  0.071  0.106 -0.150  0.135 -0.082 -0.092  0.017  0.314  0.278  0.089  0.133 -0.071 -0.013  0.211 -0.202 -0.014 -0.000 -0.007  0.016 -0.021  0.003 -0.076  0.101  0.388  0.331  0.331  0.467  0.429  1.000  0.645 -0.017 -0.206 -0.181  0.315  0.434  0.404  0.066
  -0.245 -0.030  0.291 -0.061  0.062 -0.175  0.307 -0.071 -0.086  0.069  0.460 -0.250  0.105 -0.262 -0.026  0.050  0.225 -0.200 -0.093  0.277  0.123 -0.203  0.208  0.068 -0.164  0.136  0.434  0.348  0.381  0.525  0.504  0.645  1.000 -0.062 -0.302 -0.256  0.618  0.481  0.486  0.341
