 Correlated errors added in quadrature with statistical errors
 HerF2pCut  DIS data with   1.69< Q2 < 0.500D+03 and 0.000 < xB < 1.000 and   3.00< W2 < 0.100D+04 and 0.000 < y < 1.000
   GP TMC applied
   HT corrections, multiplicative C=C(xB)
 Correlated errors added in quadrature with statistical errors
 HerF2dCut  DIS data with   1.69< Q2 < 0.500D+03 and 0.000 < xB < 1.000 and   3.00< W2 < 0.100D+04 and 0.000 < y < 1.000
   WBArel smearing  (AV18) - freepar off-shell nuke corrections
   GP TMC applied
   HT corrections, multiplicative C=C(xB)
 Correlated errors added in quadrature with statistical errors
 slac_p     DIS data with   1.69< Q2 < 0.500D+03 and 0.000 < xB < 1.000 and   3.00< W2 < 0.100D+04 and 0.000 < y < 1.000
   GP TMC applied
   HT corrections, multiplicative C=C(xB)
 Correlated errors added in quadrature with statistical errors
 slac_d     DIS data with   1.69< Q2 < 0.500D+03 and 0.000 < xB < 1.000 and   3.00< W2 < 0.100D+04 and 0.000 < y < 1.000
   WBArel smearing  (AV18) - freepar off-shell nuke corrections
   GP TMC applied
   HT corrections, multiplicative C=C(xB)
 Correlated errors treated separately from statistical errors
 BcdF2pCor  DIS data with   1.69< Q2 < 0.500D+03 and 0.000 < xB < 1.000 and   3.00< W2 < 0.100D+04 and 0.000 < y < 1.000
   GP TMC applied
   HT corrections, multiplicative C=C(xB)
 Correlated errors treated separately from statistical errors
 BcdF2dCor  DIS data with   1.69< Q2 < 0.500D+03 and 0.000 < xB < 1.000 and   3.00< W2 < 0.100D+04 and 0.000 < y < 1.000
   WBArel smearing  (AV18) - freepar off-shell nuke corrections
   GP TMC applied
   HT corrections, multiplicative C=C(xB)
 Correlated errors treated separately from statistical errors
 NmcF2pCor  DIS data with   1.69< Q2 < 0.500D+03 and 0.000 < xB < 1.000 and   3.00< W2 < 0.100D+04 and 0.000 < y < 1.000
   GP TMC applied
   HT corrections, multiplicative C=C(xB)
 Correlated errors treated separately from statistical errors
 NmcRatCor  DIS data with   1.69< Q2 < 0.500D+03 and 0.000 < xB < 1.000 and   3.00< W2 < 0.100D+04 and 0.000 < y < 1.000
   WBArel smearing  (AV18) - freepar off-shell nuke corrections
   GP TMC applied
   HT corrections, multiplicative C=C(xB)
 Correlated errors treated separately from statistical errors
 H2_NC_em   DIS data with   1.69< Q2 < 0.100D+06 and 0.000 < xB < 1.000 and   3.00< W2 < 0.100D+08 and 0.000 < y < 1.000
   GP TMC applied
   HT corrections, multiplicative C=C(xB)
 Correlated errors treated separately from statistical errors
 H2_NC_ep_1 DIS data with   1.69< Q2 < 0.100D+06 and 0.000 < xB < 1.000 and   3.00< W2 < 0.100D+08 and 0.000 < y < 1.000
   GP TMC applied
   HT corrections, multiplicative C=C(xB)
 Correlated errors treated separately from statistical errors
 H2_NC_ep_2 DIS data with   1.69< Q2 < 0.100D+06 and 0.000 < xB < 1.000 and   3.00< W2 < 0.100D+08 and 0.000 < y < 1.000
   GP TMC applied
   HT corrections, multiplicative C=C(xB)
 Correlated errors treated separately from statistical errors
 H2_NC_ep_3 DIS data with   1.69< Q2 < 0.100D+06 and 0.000 < xB < 1.000 and   3.00< W2 < 0.100D+08 and 0.000 < y < 1.000
   GP TMC applied
   HT corrections, multiplicative C=C(xB)
 Correlated errors treated separately from statistical errors
 H2_NC_ep_4 DIS data with   1.69< Q2 < 0.100D+06 and 0.000 < xB < 1.000 and   3.00< W2 < 0.100D+08 and 0.000 < y < 1.000
   GP TMC applied
   HT corrections, multiplicative C=C(xB)
 Correlated errors treated separately from statistical errors
 H2_CC_em   DIS data with   1.69< Q2 < 0.100D+06 and 0.000 < xB < 1.000 and   3.00< W2 < 0.100D+08 and 0.000 < y < 1.000
   GP TMC applied
   HT corrections, multiplicative C=C(xB)
 Correlated errors treated separately from statistical errors
 H2_CC_ep   DIS data with   1.69< Q2 < 0.100D+06 and 0.000 < xB < 1.000 and   3.00< W2 < 0.100D+08 and 0.000 < y < 1.000
   GP TMC applied
   HT corrections, multiplicative C=C(xB)
 Correlated errors added in quadrature with statistical errors
 e866pp06xf vector boson data with Q2 >=  36.00
 Correlated errors added in quadrature with statistical errors
 e866pd06xf vector boson data with Q2 >=  36.00
 Correlated errors added in quadrature with statistical errors
 cdfLasy05  vector boson data with Q2 >=   0.00
 Correlated errors added in quadrature with statistical errors
 d0Lasy_e15 vector boson data with Q2 >=   0.00
 Correlated errors added in quadrature with statistical errors
 d0Lasy13   vector boson data with Q2 >=   0.00
 Correlated errors added in quadrature with statistical errors
 CDF_Wasy   vector boson data with Q2 >=   0.00
 Correlated errors added in quadrature with statistical errors
 D0_Wasy    vector boson data with Q2 >=   0.00
 Correlated errors added in quadrature with statistical errors
 CDF_Z      vector boson data with Q2 >=   0.00
 Correlated errors added in quadrature with statistical errors
 D0_Z       vector boson data with Q2 >=   0.00
 Correlated errors added in quadrature with statistical errors
 d0run2coneJet data - errors added in quadrature
 Correlated errors added in quadrature with statistical errors
 CDFrun2jetJet data - errors added in quadrature
 Correlated errors added in quadrature with statistical errors
 d0_gamjet1 Photon data -- cuts to be written yet ...
 Correlated errors added in quadrature with statistical errors
 d0_gamjet2 Photon data -- cuts to be written yet ...
 Correlated errors added in quadrature with statistical errors
 d0_gamjet3 Photon data -- cuts to be written yet ...
 Correlated errors added in quadrature with statistical errors
 d0_gamjet4 Photon data -- cuts to be written yet ...

# fitpack15: fit output
# CJ15 AV18 final data choices                                                 

Parametrization   7 used here

 S-ACOT scheme used  for NC DIS

 charm mass =     1.30 GeV     bottom mass =     4.50 GeV



 THIS IS A NEXT TO LEADING ORDER FIT

 Q02=    1.69
         1  LAMBDA      VALUE=   0.22680      WEIGHT=    0.0000    
         2  a0uv        VALUE=    2.3582      WEIGHT=    0.0000    
         3  a1uv        VALUE=   0.61026      WEIGHT=   0.20370E-01
         4  a2uv        VALUE=    3.5472      WEIGHT=   0.12283E-01
         5  a3uv        VALUE=    0.0000      WEIGHT=    0.0000    
         6  a4uv        VALUE=    3.5532      WEIGHT=   0.44812    
         7  a5uv        VALUE=    0.0000      WEIGHT=    0.0000    
         8  a0dv        VALUE=    24.904      WEIGHT=    0.0000    
         9  a1dv        VALUE=    1.1593      WEIGHT=   0.33146E-01
        10  a2dv        VALUE=    6.6165      WEIGHT=   0.16667    
        11  a3dv        VALUE=   -3.5152      WEIGHT=   0.88423E-01
        12  a4dv        VALUE=    4.7073      WEIGHT=   0.15427    
        13  a5dv        VALUE=    0.0000      WEIGHT=    0.0000    
        14  a0ud        VALUE=   0.14578      WEIGHT=   0.50606E-02
        15  a1ud        VALUE=  -0.20825      WEIGHT=   0.37844E-02
        16  a2ud        VALUE=    8.3222      WEIGHT=   0.18976    
        17  a3ud        VALUE=    0.0000      WEIGHT=    0.0000    
        18  a4ud        VALUE=    14.490      WEIGHT=    1.2479    
        19  a5ud        VALUE=    0.0000      WEIGHT=    0.0000    
        20  a0du        VALUE=    35712.      WEIGHT=    0.0000    
        21  a1du        VALUE=    4.0618      WEIGHT=   0.88100E-01
        22  a2du        VALUE=    20.234      WEIGHT=   0.94625    
        23  a3du        VALUE=    17.000      WEIGHT=    0.0000    
        24  a4du        VALUE=    59.846      WEIGHT=    15.050    
        25  a0g         VALUE=    46.313      WEIGHT=    0.0000    
        26  a1g         VALUE=   0.60481      WEIGHT=   0.30270E-01
        27  a2g         VALUE=    6.2498      WEIGHT=   0.90795    
        28  a3g         VALUE=   -3.3664      WEIGHT=   0.12722    
        29  a4g         VALUE=    3.2450      WEIGHT=   0.29251    
        30  a5g         VALUE=    0.0000      WEIGHT=    0.0000    
        31  kappa       VALUE=   0.40000      WEIGHT=    0.0000    
        32  a6dv        VALUE=  -0.41389E-02  WEIGHT=   0.77794E-03
        33  a7dv        VALUE=    2.0000      WEIGHT=    0.0000    
        34  off1        VALUE=  -0.20655      WEIGHT=   0.10000    
        35  off2        VALUE=    2.5915      WEIGHT=    1.0000    
        36  off3        VALUE=   -9.4263      WEIGHT=    1.0000    
        37  off4        VALUE=    8.2851      WEIGHT=    1.0000    
        38  off5        VALUE=    0.0000      WEIGHT=    1.0000    
        39  ht1         VALUE=   -3.2849      WEIGHT=   0.27327    
        40  ht2         VALUE=    1.9227      WEIGHT=   0.11284    
        41  ht3         VALUE=   -2.0996      WEIGHT=   0.29046E-01
        42  ht4         VALUE=    0.0000      WEIGHT=    0.0000    
        43  dummy43     VALUE=    0.0000      WEIGHT=    0.0000    
        44  dummy44     VALUE=    0.0000      WEIGHT=    0.0000    
        45  dummy45     VALUE=    0.0000      WEIGHT=    0.0000    
        46  dummy46     VALUE=    0.0000      WEIGHT=    0.0000    
        47  dummy47     VALUE=    0.0000      WEIGHT=    0.0000    
        48  dummy48     VALUE=    0.0000      WEIGHT=    0.0000    
        49  dummy49     VALUE=    0.0000      WEIGHT=    0.0000    
        50  bcdmsh2     VALUE=   0.97156      WEIGHT=   0.48614E-02
        51  bcdmsd2     VALUE=   0.99377      WEIGHT=   0.58578E-02
        52  ccfr        VALUE=    1.0000      WEIGHT=    0.0000    
        53  nutev       VALUE=    1.0000      WEIGHT=    0.0000    
        54  zeus        VALUE=   0.97998      WEIGHT=    0.0000    
        55  h1          VALUE=    1.0162      WEIGHT=    0.0000    
        56  e605        VALUE=    1.0319      WEIGHT=    0.0000    
        57  NmcH2       VALUE=    1.0090      WEIGHT=   0.71416E-02
        58  ntv_nu      VALUE=    1.0000      WEIGHT=    0.0000    
        59  ntv_nuba    VALUE=    1.0000      WEIGHT=    0.0000    
        60  cdf_jet     VALUE=   0.98910      WEIGHT=    0.0000    
        61  d0_jet      VALUE=   0.83504      WEIGHT=    0.0000    
        62  slac_p      VALUE=    1.0037      WEIGHT=   0.48583E-02
        63  slac_d      VALUE=    1.0050      WEIGHT=   0.53349E-02
        64  e866pp      VALUE=   0.96705      WEIGHT=   0.19176E-01
        65  e866pd      VALUE=   0.95602      WEIGHT=   0.17669E-01
        66  d0_gamje    VALUE=    1.0396      WEIGHT=   0.16513E-01
        67  h1b         VALUE=   0.97608      WEIGHT=    0.0000    
        68  blank       VALUE=    1.0000      WEIGHT=    0.0000    
        69  d0run2      VALUE=   0.94743      WEIGHT=   0.14830E-01
        70  cdfrun2     VALUE=   0.93197      WEIGHT=   0.17550E-01
        71  HERA_el     VALUE=    1.0000      WEIGHT=    0.0000    
        72  HERA_ps     VALUE=    1.0000      WEIGHT=    0.0000    
        73  CDF_Z       VALUE=   0.96181      WEIGHT=   0.67127E-02
        74  NmcRat      VALUE=    1.0000      WEIGHT=    0.0000    
        75  HERMES_F    VALUE=   0.99710      WEIGHT=   0.56156E-02
        76  HERMES_F    VALUE=   0.98065      WEIGHT=   0.58612E-02
0THE TOLERANCE IS    0.1000
 THE MAXIMUM NUMBER OF STEPS IS 100
0THE INITIAL CHI SQUARED IS  4.19264E+03
0  STEP  CHI SQUARED    PARAMETER      VALUE         ERROR
 ------------------------------------------------------------
     1    4.18649E+03
                       1  LAMBDA     2.2680E-01       FIX 
                       2  a0uv       2.2863E+00       FIX 
                       3  a1uv       6.0304E-01           
                       4  a2uv       3.5551E+00           
                       5  a3uv       0.0000E+00       FIX 
                       6  a4uv       3.7186E+00           
                       7  a5uv       0.0000E+00       FIX 
                       8  a0dv       2.4653E+01       FIX 
                       9  a1dv       1.1556E+00           
                      10  a2dv       6.6695E+00           
                      11  a3dv      -3.5273E+00           
                      12  a4dv       4.7660E+00           
                      13  a5dv       0.0000E+00       FIX 
                      14  a0ud       1.4489E-01           
                      15  a1ud      -2.0878E-01           
                      16  a2ud       8.3595E+00           
                      17  a3ud       0.0000E+00       FIX 
                      18  a4ud       1.4675E+01           
                      19  a5ud       0.0000E+00       FIX 
                      20  a0du       3.5712E+04       FIX 
                      21  a1du       4.0629E+00           
                      22  a2du       2.0002E+01           
                      23  a3du       1.7000E+01       FIX 
                      24  a4du       5.6103E+01           
                      25  a0g        4.5864E+01       FIX 
                      26  a1g        6.0224E-01           
                      27  a2g        6.0206E+00           
                      28  a3g       -3.3844E+00           
                      29  a4g        3.2447E+00           
                      30  a5g        0.0000E+00       FIX 
                      31  kappa      4.0000E-01       FIX 
                      32  a6dv      -4.4728E-03           
                      33  a7dv       2.0000E+00       FIX 
                      34  off1      -2.0032E-01           
                      35  off2       2.7223E+00           
                      36  off3      -1.0350E+01           
                      37  off4       7.3763E+00           
                      38  off5       3.2398E+00           
                      39  ht1       -3.6912E+00           
                      40  ht2        2.0323E+00           
                      41  ht3       -2.0954E+00           
                      42  ht4        0.0000E+00       FIX 
                      43  dummy43    0.0000E+00       FIX 
                      44  dummy44    0.0000E+00       FIX 
                      45  dummy45    0.0000E+00       FIX 
                      46  dummy46    0.0000E+00       FIX 
                      47  dummy47    0.0000E+00       FIX 
                      48  dummy48    0.0000E+00       FIX 
                      49  dummy49    0.0000E+00       FIX 
                      50  bcdmsh2    9.6973E-01           
                      51  bcdmsd2    9.9260E-01           
                      52  ccfr       1.0000E+00       FIX 
                      53  nutev      1.0000E+00       FIX 
                      54  zeus       9.7998E-01       FIX 
                      55  h1         1.0162E+00       FIX 
                      56  e605       1.0319E+00       FIX 
                      57  NmcH2      1.0071E+00           
                      58  ntv_nu     1.0000E+00       FIX 
                      59  ntv_nuba   1.0000E+00       FIX 
                      60  cdf_jet    9.8910E-01       FIX 
                      61  d0_jet     8.3504E-01       FIX 
                      62  slac_p     1.0019E+00           
                      63  slac_d     1.0037E+00           
                      64  e866pp     9.6061E-01           
                      65  e866pd     9.5201E-01           
                      66  d0_gamje   1.0385E+00           
                      67  h1b        9.7608E-01       FIX 
                      68  blank      1.0000E+00       FIX 
                      69  d0run2     9.5011E-01           
                      70  cdfrun2    9.3461E-01           
                      71  HERA_el    1.0000E+00       FIX 
                      72  HERA_ps    1.0000E+00       FIX 
                      73  CDF_Z      9.5979E-01           
                      74  NmcRat     1.0000E+00       FIX 
                      75  HERMES_F   9.9521E-01           
                      76  HERMES_F   9.7935E-01           
 ------------------------------------------------------------
     2    4.18416E+03
                       1  LAMBDA     2.2680E-01       FIX 
                       2  a0uv       2.0816E+00       FIX 
                       3  a1uv       5.8164E-01           
                       4  a2uv       3.5620E+00           
                       5  a3uv       0.0000E+00       FIX 
                       6  a4uv       4.2077E+00           
                       7  a5uv       0.0000E+00       FIX 
                       8  a0dv       2.4596E+01       FIX 
                       9  a1dv       1.1509E+00           
                      10  a2dv       6.7335E+00           
                      11  a3dv      -3.5735E+00           
                      12  a4dv       4.8797E+00           
                      13  a5dv       0.0000E+00       FIX 
                      14  a0ud       1.4182E-01           
                      15  a1ud      -2.1082E-01           
                      16  a2ud       8.4372E+00           
                      17  a3ud       0.0000E+00       FIX 
                      18  a4ud       1.5537E+01           
                      19  a5ud       0.0000E+00       FIX 
                      20  a0du       3.5712E+04       FIX 
                      21  a1du       4.0772E+00           
                      22  a2du       2.0060E+01           
                      23  a3du       1.7000E+01       FIX 
                      24  a4du       5.7948E+01           
                      25  a0g        4.4895E+01       FIX 
                      26  a1g        5.9852E-01           
                      27  a2g        6.0205E+00           
                      28  a3g       -3.3819E+00           
                      29  a4g        3.2591E+00           
                      30  a5g        0.0000E+00       FIX 
                      31  kappa      4.0000E-01       FIX 
                      32  a6dv      -4.8267E-03           
                      33  a7dv       2.0000E+00       FIX 
                      34  off1      -2.0218E-01           
                      35  off2       3.0191E+00           
                      36  off3      -1.0972E+01           
                      37  off4       5.3760E+00           
                      38  off5       6.7149E+00           
                      39  ht1       -3.7821E+00           
                      40  ht2        2.0632E+00           
                      41  ht3       -2.0948E+00           
                      42  ht4        0.0000E+00       FIX 
                      43  dummy43    0.0000E+00       FIX 
                      44  dummy44    0.0000E+00       FIX 
                      45  dummy45    0.0000E+00       FIX 
                      46  dummy46    0.0000E+00       FIX 
                      47  dummy47    0.0000E+00       FIX 
                      48  dummy48    0.0000E+00       FIX 
                      49  dummy49    0.0000E+00       FIX 
                      50  bcdmsh2    9.6832E-01           
                      51  bcdmsd2    9.9105E-01           
                      52  ccfr       1.0000E+00       FIX 
                      53  nutev      1.0000E+00       FIX 
                      54  zeus       9.7998E-01       FIX 
                      55  h1         1.0162E+00       FIX 
                      56  e605       1.0319E+00       FIX 
                      57  NmcH2      1.0063E+00           
                      58  ntv_nu     1.0000E+00       FIX 
                      59  ntv_nuba   1.0000E+00       FIX 
                      60  cdf_jet    9.8910E-01       FIX 
                      61  d0_jet     8.3504E-01       FIX 
                      62  slac_p     1.0005E+00           
                      63  slac_d     1.0024E+00           
                      64  e866pp     9.6796E-01           
                      65  e866pd     9.5713E-01           
                      66  d0_gamje   1.0369E+00           
                      67  h1b        9.7608E-01       FIX 
                      68  blank      1.0000E+00       FIX 
                      69  d0run2     9.5291E-01           
                      70  cdfrun2    9.3727E-01           
                      71  HERA_el    1.0000E+00       FIX 
                      72  HERA_ps    1.0000E+00       FIX 
                      73  CDF_Z      9.5728E-01           
                      74  NmcRat     1.0000E+00       FIX 
                      75  HERMES_F   9.9395E-01           
                      76  HERMES_F   9.7812E-01           
 ------------------------------------------------------------
     3    4.18271E+03
                       1  LAMBDA     2.2680E-01       FIX 
                       2  a0uv       1.9577E+00       FIX 
                       3  a1uv       5.6816E-01           
                       4  a2uv       3.5649E+00           
                       5  a3uv       0.0000E+00       FIX 
                       6  a4uv       4.5544E+00           
                       7  a5uv       0.0000E+00       FIX 
                       8  a0dv       2.4636E+01       FIX 
                       9  a1dv       1.1499E+00           
                      10  a2dv       6.7547E+00           
                      11  a3dv      -3.5884E+00           
                      12  a4dv       4.9126E+00           
                      13  a5dv       0.0000E+00       FIX 
                      14  a0ud       1.4045E-01           
                      15  a1ud      -2.1172E-01           
                      16  a2ud       8.4738E+00           
                      17  a3ud       0.0000E+00       FIX 
                      18  a4ud       1.5990E+01           
                      19  a5ud       0.0000E+00       FIX 
                      20  a0du       3.5712E+04       FIX 
                      21  a1du       4.0889E+00           
                      22  a2du       2.0143E+01           
                      23  a3du       1.7000E+01       FIX 
                      24  a4du       5.7505E+01           
                      25  a0g        4.4715E+01       FIX 
                      26  a1g        5.9729E-01           
                      27  a2g        6.0039E+00           
                      28  a3g       -3.3854E+00           
                      29  a4g        3.2654E+00           
                      30  a5g        0.0000E+00       FIX 
                      31  kappa      4.0000E-01       FIX 
                      32  a6dv      -4.9418E-03           
                      33  a7dv       2.0000E+00       FIX 
                      34  off1      -1.8504E-01           
                      35  off2       2.8544E+00           
                      36  off3      -1.0121E+01           
                      37  off4       3.1913E+00           
                      38  off5       8.5518E+00           
                      39  ht1       -3.8183E+00           
                      40  ht2        2.0807E+00           
                      41  ht3       -2.0946E+00           
                      42  ht4        0.0000E+00       FIX 
                      43  dummy43    0.0000E+00       FIX 
                      44  dummy44    0.0000E+00       FIX 
                      45  dummy45    0.0000E+00       FIX 
                      46  dummy46    0.0000E+00       FIX 
                      47  dummy47    0.0000E+00       FIX 
                      48  dummy48    0.0000E+00       FIX 
                      49  dummy49    0.0000E+00       FIX 
                      50  bcdmsh2    9.6748E-01           
                      51  bcdmsd2    9.9016E-01           
                      52  ccfr       1.0000E+00       FIX 
                      53  nutev      1.0000E+00       FIX 
                      54  zeus       9.7998E-01       FIX 
                      55  h1         1.0162E+00       FIX 
                      56  e605       1.0319E+00       FIX 
                      57  NmcH2      1.0056E+00           
                      58  ntv_nu     1.0000E+00       FIX 
                      59  ntv_nuba   1.0000E+00       FIX 
                      60  cdf_jet    9.8910E-01       FIX 
                      61  d0_jet     8.3504E-01       FIX 
                      62  slac_p     9.9960E-01           
                      63  slac_d     1.0016E+00           
                      64  e866pp     9.7343E-01           
                      65  e866pd     9.5996E-01           
                      66  d0_gamje   1.0359E+00           
                      67  h1b        9.7608E-01       FIX 
                      68  blank      1.0000E+00       FIX 
                      69  d0run2     9.5368E-01           
                      70  cdfrun2    9.3819E-01           
                      71  HERA_el    1.0000E+00       FIX 
                      72  HERA_ps    1.0000E+00       FIX 
                      73  CDF_Z      9.5574E-01           
                      74  NmcRat     1.0000E+00       FIX 
                      75  HERMES_F   9.9312E-01           
                      76  HERMES_F   9.7733E-01           
 ------------------------------------------------------------
     4    4.18267E+03
                       1  LAMBDA     2.2680E-01    0.0000E+00
                       2  a0uv       1.9230E+00    0.0000E+00
                       3  a1uv       5.6430E-01    2.4324E-02
                       4  a2uv       3.5658E+00    1.1247E-02
                       5  a3uv       0.0000E+00    0.0000E+00
                       6  a4uv       4.6599E+00    6.5578E-01
                       7  a5uv       0.0000E+00    0.0000E+00
                       8  a0dv       2.4640E+01    0.0000E+00
                       9  a1dv       1.1495E+00    3.9246E-02
                      10  a2dv       6.7594E+00    2.0301E-01
                      11  a3dv      -3.5920E+00    1.0514E-01
                      12  a4dv       4.9200E+00    1.6948E-01
                      13  a5dv       0.0000E+00    0.0000E+00
                      14  a0ud       1.4008E-01    5.1453E-03
                      15  a1ud      -2.1196E-01    3.9591E-03
                      16  a2ud       8.4830E+00    1.9144E-01
                      17  a3ud       0.0000E+00    0.0000E+00
                      18  a4ud       1.6111E+01    1.4658E+00
                      19  a5ud       0.0000E+00    0.0000E+00
                      20  a0du       3.5712E+04    0.0000E+00
                      21  a1du       4.0939E+00    1.1099E-01
                      22  a2du       2.0160E+01    9.9452E-01
                      23  a3du       1.7000E+01    0.0000E+00
                      24  a4du       5.8071E+01    1.6286E+01
                      25  a0g        4.4589E+01    0.0000E+00
                      26  a1g        5.9692E-01    2.9734E-02
                      27  a2g        6.0073E+00    8.2433E-01
                      28  a3g       -3.3839E+00    1.2289E-01
                      29  a4g        3.2659E+00    2.8707E-01
                      30  a5g        0.0000E+00    0.0000E+00
                      31  kappa      4.0000E-01    0.0000E+00
                      32  a6dv      -4.9712E-03    8.6449E-04
                      33  a7dv       2.0000E+00    0.0000E+00
                      34  off1      -1.8197E-01    1.3184E-01
                      35  off2       2.8143E+00    2.9175E+00
                      36  off3      -9.9306E+00    1.9033E+01
                      37  off4       2.7629E+00    4.2273E+01
                      38  off5       8.8878E+00    3.0073E+01
                      39  ht1       -3.8330E+00    3.3861E-01
                      40  ht2        2.0868E+00    1.2133E-01
                      41  ht3       -2.0944E+00    2.8259E-02
                      42  ht4        0.0000E+00    0.0000E+00
                      43  dummy43    0.0000E+00    0.0000E+00
                      44  dummy44    0.0000E+00    0.0000E+00
                      45  dummy45    0.0000E+00    0.0000E+00
                      46  dummy46    0.0000E+00    0.0000E+00
                      47  dummy47    0.0000E+00    0.0000E+00
                      48  dummy48    0.0000E+00    0.0000E+00
                      49  dummy49    0.0000E+00    0.0000E+00
                      50  bcdmsh2    9.6725E-01    5.0896E-03
                      51  bcdmsd2    9.8991E-01    6.0692E-03
                      52  ccfr       1.0000E+00    0.0000E+00
                      53  nutev      1.0000E+00    0.0000E+00
                      54  zeus       9.7998E-01    0.0000E+00
                      55  h1         1.0162E+00    0.0000E+00
                      56  e605       1.0319E+00    0.0000E+00
                      57  NmcH2      1.0054E+00    7.2768E-03
                      58  ntv_nu     1.0000E+00    0.0000E+00
                      59  ntv_nuba   1.0000E+00    0.0000E+00
                      60  cdf_jet    9.8910E-01    0.0000E+00
                      61  d0_jet     8.3504E-01    0.0000E+00
                      62  slac_p     9.9935E-01    5.2727E-03
                      63  slac_d     1.0013E+00    5.7702E-03
                      64  e866pp     9.7518E-01    2.0081E-02
                      65  e866pd     9.6065E-01    1.9607E-02
                      66  d0_gamje   1.0357E+00    1.6558E-02
                      67  h1b        9.7608E-01    0.0000E+00
                      68  blank      1.0000E+00    0.0000E+00
                      69  d0run2     9.5398E-01    1.5162E-02
                      70  cdfrun2    9.3854E-01    1.7799E-02
                      71  HERA_el    1.0000E+00    0.0000E+00
                      72  HERA_ps    1.0000E+00    0.0000E+00
                      73  CDF_Z      9.5517E-01    7.0934E-03
                      74  NmcRat     1.0000E+00    0.0000E+00
                      75  HERMES_F   9.9288E-01    5.9294E-03
                      76  HERMES_F   9.7708E-01    6.1882E-03
0 MINIMIZATION TERMINATED WITH STEP  4
  TOLERANCE CRITERION      SATISFIED
0 CHI SQUARED PER DEGREE OF FREEDOM IS  1.036E+00
   1.000 -0.227 -0.985  0.262  0.058  0.049 -0.228  0.469  0.410 -0.363 -0.560 -0.082 -0.155  0.074  0.163  0.122  0.018 -0.001  0.262 -0.146 -0.118  0.173 -0.183  0.180  0.119 -0.200  0.048  0.331  0.268  0.180  0.333  0.289 -0.397 -0.291  0.119 -0.128 -0.110  0.345  0.289  0.253
  -0.227  1.000  0.364  0.251  0.250 -0.132  0.055 -0.063 -0.064  0.315  0.157  0.202 -0.074  0.159  0.023  0.104  0.052  0.015 -0.036 -0.076  0.034 -0.037  0.043 -0.049 -0.573  0.352  0.291  0.178  0.110  0.064  0.081  0.096  0.125 -0.022  0.024 -0.097 -0.056  0.010  0.113  0.102
  -0.985  0.364  1.000 -0.191 -0.004 -0.077  0.232 -0.450 -0.398  0.406  0.577  0.111  0.147 -0.042 -0.135 -0.075  0.001  0.002 -0.240  0.130  0.118 -0.169  0.179 -0.177 -0.194  0.241  0.021 -0.226 -0.189 -0.121 -0.225 -0.193  0.457  0.329 -0.106  0.079  0.073 -0.273 -0.192 -0.165
   0.262  0.251 -0.191  1.000  0.834 -0.705  0.127  0.211  0.164 -0.200 -0.334  0.498 -0.248  0.324  0.281  0.233 -0.129  0.171  0.557  0.015 -0.459  0.522 -0.533  0.530 -0.193  0.123  0.205  0.299  0.219  0.124  0.296  0.221  0.115 -0.235  0.091 -0.075 -0.061  0.088  0.270  0.213
   0.058  0.250 -0.004  0.834  1.000 -0.914  0.611 -0.007 -0.024  0.018 -0.051  0.344 -0.151  0.298  0.162  0.128 -0.155  0.154  0.154  0.010 -0.352  0.445 -0.502  0.542 -0.058 -0.025  0.096  0.176  0.127  0.121  0.133  0.104  0.141 -0.112  0.046 -0.019 -0.023  0.035  0.147  0.114
   0.049 -0.132 -0.077 -0.705 -0.914  1.000 -0.757  0.152  0.152 -0.031 -0.081 -0.255  0.131 -0.340 -0.122 -0.171  0.154 -0.191 -0.212 -0.001  0.315 -0.423  0.485 -0.523  0.086 -0.034 -0.111 -0.108 -0.074 -0.134 -0.079 -0.061 -0.178  0.010 -0.018  0.020  0.015  0.001 -0.108 -0.085
  -0.228  0.055  0.232  0.127  0.611 -0.757  1.000 -0.331 -0.300  0.341  0.434 -0.136  0.102  0.080 -0.072  0.010 -0.061  0.058 -0.299  0.043 -0.042  0.133 -0.216  0.280  0.086 -0.140 -0.015 -0.018 -0.016  0.119 -0.062 -0.026  0.146  0.222 -0.044 -0.008 -0.011  0.038 -0.012  0.001
   0.469 -0.063 -0.450  0.211 -0.007  0.152 -0.331  1.000  0.970 -0.438 -0.792  0.138 -0.105 -0.058 -0.068 -0.022  0.215 -0.160  0.226  0.089 -0.253  0.247 -0.226  0.204 -0.030 -0.006  0.067  0.253  0.203  0.153  0.254  0.210 -0.071 -0.150  0.109 -0.006 -0.003  0.263  0.223  0.188
   0.410 -0.064 -0.398  0.164 -0.024  0.152 -0.300  0.970  1.000 -0.392 -0.745  0.120 -0.086 -0.056 -0.173 -0.088  0.248 -0.204  0.189  0.083 -0.233  0.225 -0.205  0.185 -0.022 -0.008  0.044  0.199  0.159  0.128  0.192  0.155 -0.083 -0.155  0.096  0.017  0.013  0.203  0.168  0.139
  -0.363  0.315  0.406 -0.200  0.018 -0.031  0.341 -0.438 -0.392  1.000  0.750 -0.367  0.448 -0.238 -0.060 -0.143 -0.217  0.091 -0.313  0.192  0.165 -0.251  0.268 -0.266  0.068 -0.016 -0.174 -0.110 -0.065  0.007 -0.097 -0.049 -0.002  0.152 -0.052  0.132  0.076 -0.039 -0.053 -0.011
  -0.560  0.157  0.577 -0.334 -0.051 -0.081  0.434 -0.792 -0.745  0.750  1.000 -0.421  0.296 -0.256 -0.028 -0.072 -0.148  0.045 -0.382  0.131  0.388 -0.433  0.416 -0.387  0.080 -0.086 -0.086 -0.064 -0.037  0.056 -0.033  0.026  0.256  0.543 -0.131 -0.040 -0.055  0.096  0.002  0.054
  -0.082  0.202  0.111  0.498  0.344 -0.255 -0.136  0.138  0.120 -0.367 -0.421  1.000 -0.539  0.546  0.069  0.030 -0.024  0.042  0.370 -0.233 -0.462  0.535 -0.530  0.508 -0.153  0.196  0.047  0.027  0.041 -0.026  0.033 -0.003  0.291 -0.380  0.084  0.076  0.065 -0.333  0.041 -0.019
  -0.155 -0.074  0.147 -0.248 -0.151  0.131  0.102 -0.105 -0.086  0.448  0.296 -0.539  1.000 -0.127 -0.205 -0.182  0.151 -0.193 -0.201  0.200 -0.039 -0.070  0.126 -0.157  0.209 -0.233 -0.134 -0.002 -0.002  0.005 -0.022 -0.033  0.083  0.105 -0.012 -0.013 -0.021 -0.001 -0.040 -0.023
   0.074  0.159 -0.042  0.324  0.298 -0.340  0.080 -0.058 -0.056 -0.238 -0.256  0.546 -0.127  1.000  0.012  0.153 -0.101  0.185  0.224 -0.623 -0.157  0.280 -0.299  0.295 -0.138  0.180  0.049  0.096  0.085  0.116  0.088  0.039  0.174 -0.356  0.106  0.070  0.067 -0.336  0.088  0.042
   0.163  0.023 -0.135  0.281  0.162 -0.122 -0.072 -0.068 -0.173 -0.060 -0.028  0.069 -0.205  0.012  1.000  0.714 -0.697  0.786  0.183 -0.028  0.032 -0.018  0.012 -0.008 -0.060  0.130  0.092  0.137  0.109 -0.023  0.187  0.171 -0.064 -0.027  0.033 -0.044 -0.009  0.132  0.170  0.158
   0.122  0.104 -0.075  0.233  0.128 -0.171  0.010 -0.022 -0.088 -0.143 -0.072  0.030 -0.182  0.153  0.714  1.000 -0.313  0.726  0.175 -0.113  0.064 -0.026  0.016 -0.013 -0.310  0.393  0.372  0.168  0.121  0.053  0.257  0.227 -0.017  0.027  0.040 -0.278 -0.130  0.134  0.226  0.210
   0.018  0.052  0.001 -0.129 -0.155  0.154 -0.061  0.215  0.248 -0.217 -0.148 -0.024  0.151 -0.101 -0.697 -0.313  1.000 -0.861 -0.023  0.105 -0.134  0.128 -0.114  0.097 -0.158 -0.011  0.290  0.129  0.075  0.126  0.129  0.091  0.200  0.163 -0.008 -0.373 -0.267  0.194  0.073  0.053
  -0.001  0.015  0.002  0.171  0.154 -0.191  0.058 -0.160 -0.204  0.091  0.045  0.042 -0.193  0.185  0.786  0.726 -0.861  1.000  0.084 -0.150  0.122 -0.102  0.088 -0.076 -0.067  0.263 -0.033 -0.091 -0.059 -0.108 -0.053 -0.034 -0.201 -0.172  0.028  0.177  0.173 -0.176 -0.018 -0.006
   0.262 -0.036 -0.240  0.557  0.154 -0.212 -0.299  0.226  0.189 -0.313 -0.382  0.370 -0.201  0.224  0.183  0.175 -0.023  0.084  1.000  0.028 -0.387  0.412 -0.384  0.337 -0.267  0.255  0.212  0.190  0.133  0.048  0.218  0.151  0.034 -0.223  0.073 -0.074 -0.044  0.023  0.186  0.142
  -0.146 -0.076  0.130  0.015  0.010 -0.001  0.043  0.089  0.083  0.192  0.131 -0.233  0.200 -0.623 -0.028 -0.113  0.105 -0.150  0.028  1.000 -0.481  0.314 -0.250  0.214  0.107 -0.117 -0.046 -0.058 -0.078 -0.076 -0.053 -0.064  0.002  0.187 -0.055 -0.034 -0.032  0.164 -0.054 -0.066
  -0.118  0.034  0.118 -0.459 -0.352  0.315 -0.042 -0.253 -0.233  0.165  0.388 -0.462 -0.039 -0.157  0.032  0.064 -0.134  0.122 -0.387 -0.481  1.000 -0.961  0.907 -0.853 -0.074  0.044  0.043 -0.018 -0.051  0.058 -0.005  0.002 -0.067  0.374 -0.077 -0.027 -0.025  0.186  0.014  0.010
   0.173 -0.037 -0.169  0.522  0.445 -0.423  0.133  0.247  0.225 -0.251 -0.433  0.535 -0.070  0.280 -0.018 -0.026  0.128 -0.102  0.412  0.314 -0.961  1.000 -0.985  0.954  0.055 -0.021 -0.013  0.059  0.042 -0.025  0.046 -0.000  0.077 -0.391  0.087  0.011  0.014 -0.182  0.023 -0.004
  -0.183  0.043  0.179 -0.533 -0.502  0.485 -0.216 -0.226 -0.205  0.268  0.416 -0.530  0.126 -0.299  0.012  0.016 -0.114  0.088 -0.384 -0.250  0.907 -0.985  1.000 -0.991 -0.048  0.012 -0.002 -0.072 -0.042  0.006 -0.058 -0.015 -0.078  0.361 -0.083 -0.003 -0.007  0.157 -0.040 -0.009
   0.180 -0.049 -0.177  0.530  0.542 -0.523  0.280  0.204  0.185 -0.266 -0.387  0.508 -0.157  0.295 -0.008 -0.013  0.097 -0.076  0.337  0.214 -0.853  0.954 -0.991  1.000  0.044 -0.008  0.010  0.074  0.045  0.005  0.060  0.030  0.076 -0.329  0.076  0.001  0.004 -0.136  0.048  0.020
   0.119 -0.573 -0.194 -0.193 -0.058  0.086  0.086 -0.030 -0.022  0.068  0.080 -0.153  0.209 -0.138 -0.060 -0.310 -0.158 -0.067 -0.267  0.107 -0.074  0.055 -0.048  0.044  1.000 -0.839 -0.569 -0.071 -0.048  0.010 -0.091 -0.088  0.006  0.058 -0.014  0.174  0.078  0.025 -0.084 -0.079
  -0.200  0.352  0.241  0.123 -0.025 -0.034 -0.140 -0.006 -0.008 -0.016 -0.086  0.196 -0.233  0.180  0.130  0.393 -0.011  0.263  0.255 -0.117  0.044 -0.021  0.012 -0.008 -0.839  1.000  0.314 -0.081 -0.071 -0.104  0.063  0.064 -0.077 -0.162  0.018 -0.031  0.039 -0.214  0.032  0.026
   0.048  0.291  0.021  0.205  0.096 -0.111 -0.015  0.067  0.044 -0.174 -0.086  0.047 -0.134  0.049  0.092  0.372  0.290 -0.033  0.212 -0.046  0.043 -0.013 -0.002  0.010 -0.569  0.314  1.000  0.234  0.179  0.093  0.087  0.087  0.100  0.120  0.015 -0.339 -0.213  0.209  0.134  0.128
   0.331  0.178 -0.226  0.299  0.176 -0.108 -0.018  0.253  0.199 -0.110 -0.064  0.027 -0.002  0.096  0.137  0.168  0.129 -0.091  0.190 -0.058 -0.018  0.059 -0.072  0.074 -0.071 -0.081  0.234  1.000  0.525  0.421  0.731  0.647  0.389  0.374  0.071 -0.285 -0.243  0.591  0.644  0.592
   0.268  0.110 -0.189  0.219  0.127 -0.074 -0.016  0.203  0.159 -0.065 -0.037  0.041 -0.002  0.085  0.109  0.121  0.075 -0.059  0.133 -0.078 -0.051  0.042 -0.042  0.045 -0.048 -0.071  0.179  0.525  1.000  0.359  0.575  0.697  0.332  0.304  0.058 -0.211 -0.185  0.474  0.527  0.617
   0.180  0.064 -0.121  0.124  0.121 -0.134  0.119  0.153  0.128  0.007  0.056 -0.026  0.005  0.116 -0.023  0.053  0.126 -0.108  0.048 -0.076  0.058 -0.025  0.006  0.005  0.010 -0.104  0.093  0.421  0.359  1.000  0.474  0.453  0.331  0.355  0.036 -0.188 -0.164  0.444  0.457  0.439
   0.333  0.081 -0.225  0.296  0.133 -0.079 -0.062  0.254  0.192 -0.097 -0.033  0.033 -0.022  0.088  0.187  0.257  0.129 -0.053  0.218 -0.053 -0.005  0.046 -0.058  0.060 -0.091  0.063  0.087  0.731  0.575  0.474  1.000  0.820  0.463  0.458  0.073 -0.331 -0.277  0.659  0.784  0.722
   0.289  0.096 -0.193  0.221  0.104 -0.061 -0.026  0.210  0.155 -0.049  0.026 -0.003 -0.033  0.039  0.171  0.227  0.091 -0.034  0.151 -0.064  0.002 -0.000 -0.015  0.030 -0.088  0.064  0.087  0.647  0.697  0.453  0.820  1.000  0.425  0.461  0.055 -0.305 -0.256  0.632  0.723  0.820
  -0.397  0.125  0.457  0.115  0.141 -0.178  0.146 -0.071 -0.083 -0.002  0.256  0.291  0.083  0.174 -0.064 -0.017  0.200 -0.201  0.034  0.002 -0.067  0.077 -0.078  0.076  0.006 -0.077  0.100  0.389  0.332  0.331  0.463  0.425  1.000  0.561 -0.010 -0.202 -0.178  0.286  0.432  0.400
  -0.291 -0.022  0.329 -0.235 -0.112  0.010  0.222 -0.150 -0.155  0.152  0.543 -0.380  0.105 -0.356 -0.027  0.027  0.163 -0.172 -0.223  0.187  0.374 -0.391  0.361 -0.329  0.058 -0.162  0.120  0.374  0.304  0.355  0.458  0.461  0.561  1.000 -0.092 -0.280 -0.241  0.632  0.427  0.445
   0.119  0.024 -0.106  0.091  0.046 -0.018 -0.044  0.109  0.096 -0.052 -0.131  0.084 -0.012  0.106  0.033  0.040 -0.008  0.028  0.073 -0.055 -0.077  0.087 -0.083  0.076 -0.014  0.018  0.015  0.071  0.058  0.036  0.073  0.055 -0.010 -0.092  1.000  0.013  0.012 -0.001  0.063  0.049
  -0.128 -0.097  0.079 -0.075 -0.019  0.020 -0.008 -0.006  0.017  0.132 -0.040  0.076 -0.013  0.070 -0.044 -0.278 -0.373  0.177 -0.074 -0.034 -0.027  0.011 -0.003  0.001  0.174 -0.031 -0.339 -0.285 -0.211 -0.188 -0.331 -0.305 -0.202 -0.280  0.013  1.000  0.326 -0.384 -0.285 -0.268
