# fitpack15: fit parameters                                                                         
# CJ15 AV18 final data choices                                                                      
# Created on 09/30/2019 at 17:47:32                                                                 

 # QCD setup
  INS                           0
  NVL                          11
  IORD                          1
  Q02                   1.6899999999999999     
  IPARAMC                       7
  FLAVOR                5.0000000000000000     
  xmc                   1.3000000000000000     
  xmb                   4.5000000000000000     
  ncb                          12
  ihq                           1
  ias                           0

 # Theory corrections
  inuke                     10114
  itmc                          1
  iht                           1

 # fit parameters
 LAMBDA       0.22680        0.0000    
 a0uv          1.9677        0.0000    
 a1uv         0.56927       0.23680E-01
 a2uv          3.5649       0.11358E-01
 a3uv          0.0000        0.0000    
 a4uv          4.5256       0.62879    
 a5uv          0.0000        0.0000    
 a0dv          24.354        0.0000    
 a1dv          1.1495       0.32613E-01
 a2dv          6.6492       0.16654    
 a3dv         -3.5470       0.87719E-01
 a4dv          4.7920       0.15320    
 a5dv          0.0000        0.0000    
 a0ud         0.14123       0.50288E-02
 a1ud        -0.21119       0.38594E-02
 a2ud          8.4530       0.18654    
 a3ud          0.0000        0.0000    
 a4ud          15.543        1.3050    
 a5ud          0.0000        0.0000    
 a0du          35712.        0.0000    
 a1du          4.1007       0.10291    
 a2du          20.569        1.0581    
 a3du          17.000        0.0000    
 a4du          61.105        17.019    
 a0g           44.897        0.0000    
 a1g          0.59878       0.30416E-01
 a2g           6.1712       0.85226    
 a3g          -3.3785       0.12806    
 a4g           3.2907       0.30838    
 a5g           0.0000        0.0000    
 kappa        0.40000        0.0000    
 a6dv        -0.44695E-02   0.79386E-03
 a7dv          2.0000        0.0000    
 off1        -0.19130       0.13076    
 off2          2.1918        1.4593    
 off3         -8.8214        5.2768    
 off4          8.4142        5.2607    
 ht1          -3.8834       0.34453    
 ht2           2.1110       0.12287    
 ht3          -2.0926       0.28330E-01
 ht4           0.0000        0.0000    
 dummy42       0.0000        0.0000    
 dummy43       0.0000        0.0000    
 dummy44       0.0000        0.0000    
 dummy45       0.0000        0.0000    
 dummy46       0.0000        0.0000    
 dummy47       0.0000        0.0000    
 dummy48       0.0000        0.0000    
 dummy49       0.0000        0.0000    
 bcdmsh2      0.96724       0.50667E-02
 bcdmsd2      0.98978       0.60573E-02
 ccfr          1.0000        0.0000    
 nutev         1.0000        0.0000    
 zeus         0.97998        0.0000    
 h1            1.0162        0.0000    
 e605          1.0319        0.0000    
 NmcH2         1.0047       0.72619E-02
 ntv_nu        1.0000        0.0000    
 ntv_nuba      1.0000        0.0000    
 cdf_jet      0.98910        0.0000    
 d0_jet       0.83504        0.0000    
 slac_p       0.99969       0.52435E-02
 slac_d        1.0008       0.57513E-02
 e866pp       0.97327       0.19861E-01
 e866pd       0.95291       0.18010E-01
 d0_gamje      1.0370       0.16506E-01
 h1b          0.97608        0.0000    
 blank         1.0000        0.0000    
 d0run2       0.95295       0.15047E-01
 cdfrun2      0.93830       0.17755E-01
 HERA_el       1.0000        0.0000    
 HERA_ps       1.0000        0.0000    
 CDF_Z        0.95363       0.69104E-02
 NmcRat        1.0000        0.0000    
 HERMES_F     0.99282       0.59079E-02
 HERMES_F     0.97667       0.61749E-02
 BNS_F2nd     0.97372       0.72964E-02
 END 0. 0.

 # Hessian matrix (Bevington alpha)
   0.44188971883536E+07 -0.10878630008639E+07  0.16503535215567E+06  0.39154280815745E+06 -0.98562241581455E+05 -0.27841744838791E+05  0.41753141170243E+05  0.94680899909737E+06 -0.17677674760931E+06 -0.46568681940468E+05  0.70513052186272E+04  0.13841494677861E+05  0.15249976866621E+04 -0.88114372790154E+02  0.11762897312909E+05 -0.28994852035758E+04  0.13171201887696E+05  0.97591552315116E+04 -0.58831979673656E+07 -0.57251251423763E+05 -0.24408024993995E+05 -0.11562099865397E+05 -0.59145785607438E+04 -0.94329093809268E+04  0.22106950627022E+04 -0.17486811660631E+06 -0.13251092573329E+06 -0.56201159226185E+05 -0.52046242080209E+04 -0.87450645849180E+06 -0.11335632544734E+07 -0.21228430515604E+05 -0.48364980280835E+05 -0.31930325826653E+04 -0.89811868153181E+04 -0.31715182966636E+04 -0.18503125468010E+05 -0.74675198372466E+05 -0.58852837198553E+05  0.17145876460878E+05
  -0.10878630008639E+07  0.33804580113458E+06 -0.41649924327773E+05 -0.10375553625829E+06  0.25565712426251E+05  0.97610366124810E+04 -0.79320703643701E+04 -0.11640960707696E+06  0.25283837394027E+05  0.64966754748115E+04 -0.81337308812385E+03 -0.10809704277943E+04 -0.12215715089199E+03  0.10635573946084E+02  0.34539824724395E+03  0.50165119399783E+02  0.16498270844988E+03 -0.10617066801176E+02  0.19876484195130E+07  0.14129903756962E+05  0.69452099081171E+04  0.36471672954262E+04  0.20203810569131E+04  0.51071416909370E+04  0.56014145010196E+04  0.49322114643210E+05  0.16810201776421E+05  0.83548206932108E+04 -0.20239721123831E+03  0.21236224880464E+06  0.26858802002347E+06  0.58068025787244E+04  0.13412591436335E+05  0.41978511192287E+03  0.23783343523620E+04  0.75373767129981E+03 -0.21733640222277E+04  0.87364904517256E+04  0.73759646220734E+04 -0.22867965036988E+04
   0.16503535215567E+06 -0.41649924327773E+05  0.62159674493755E+04  0.14421681060801E+05 -0.37371234958740E+04 -0.12793372063347E+04  0.14836464067421E+04  0.26491209100225E+05 -0.48157451300646E+04 -0.15306804026618E+04  0.20085715941954E+03  0.37408560265526E+03  0.46579376697592E+02 -0.32741774302310E+01 -0.20874060354744E+03 -0.31084191202952E+02 -0.11057530054203E+03  0.32292410498359E+02 -0.22644996196477E+06 -0.21212425612738E+04 -0.92036254672136E+03 -0.44008808477680E+03 -0.22631989199755E+03 -0.39214132633890E+03 -0.61448511824164E+02 -0.66417949202502E+04 -0.46821031733079E+04 -0.19912317055798E+04  0.20567605573618E+02 -0.32070070860843E+05 -0.41804601261459E+05 -0.80806239560945E+03 -0.18485918046154E+04 -0.10031246158830E+03 -0.33764456670319E+03 -0.11801076739218E+03 -0.73697544924181E+02 -0.22295656680550E+04 -0.18018940361930E+04  0.61108526023342E+03
   0.39154280815745E+06 -0.10375553625829E+06  0.14421681060801E+05  0.38180302613477E+06 -0.56379923665024E+05  0.74023702930122E+05  0.61187355741903E+05  0.35512711511373E+06 -0.27166429207173E+05 -0.17520321456485E+05  0.31402855994790E+04 -0.13488528292342E+04 -0.14422115256385E+03  0.44750022998650E+02  0.32564746459328E+05 -0.42267149948131E+04  0.29902991662462E+05  0.16952954544862E+05 -0.19020195130181E+07 -0.16943159728964E+05 -0.66324408802394E+04 -0.28061694200226E+04 -0.13003894056521E+04 -0.25737741673198E+03  0.38984288017306E+04 -0.31950305026866E+05 -0.12854057785297E+05 -0.21349744436450E+05 -0.74266797452539E+02 -0.66779183862240E+05 -0.34516243465125E+06 -0.13349546830337E+04 -0.25199998308849E+04 -0.67083249608956E+02 -0.24033874493214E+04 -0.93511857909301E+03 -0.10171601721539E+05 -0.73220232998300E+04 -0.21697623039046E+05 -0.16249141072629E+05
  -0.98562241581455E+05  0.25565712426251E+05 -0.37371234958740E+04 -0.56379923665024E+05  0.98242722617410E+04 -0.74033171255024E+04 -0.83821169067561E+04 -0.31477891144461E+05  0.37368165180601E+03  0.21765946984905E+04 -0.30417996927019E+03 -0.91939065618687E+01  0.53618519561524E+01 -0.39133606095648E+01 -0.27544288262769E+04  0.37312816735494E+03 -0.24250604342222E+04 -0.14092643482389E+04  0.38589333437324E+06  0.29186246466826E+04  0.12657683995054E+04  0.56792770234774E+03  0.27120726785192E+03  0.21461982247437E+03 -0.12884701790872E+03  0.64482517404826E+04  0.19773435191350E+04  0.33373192178773E+04 -0.57840724473800E+02  0.11629523848305E+05  0.61606880957562E+05  0.30758514354356E+03  0.55834710660709E+03  0.83463649369026E+01  0.44370826690808E+03  0.16505180388843E+03  0.40436850174169E+03  0.80945019539204E+03  0.25039283835790E+04  0.25352433695597E+04
  -0.27841744838791E+05  0.97610366124810E+04 -0.12793372063347E+04  0.74023702930122E+05 -0.74033171255024E+04  0.23781579267627E+05  0.14186990256462E+05  0.10805213272761E+06 -0.10246006600819E+05 -0.44119764217453E+04  0.93438239099966E+03 -0.66512893183334E+03 -0.62501032828753E+02  0.14870558151748E+02  0.97298366665172E+04 -0.12785790166548E+04  0.91605056374940E+04  0.52363290940873E+04 -0.50240764433897E+05 -0.19762475932603E+04 -0.43939256608370E+03 -0.64749115930440E+02  0.11957925823932E+02  0.54911225855538E+03  0.21457979325446E+04 -0.14395386699996E+04 -0.26797120326465E+04 -0.40873878538714E+04  0.14575434736254E+03 -0.81421215996188E+04 -0.39510513112678E+05  0.22172476020698E+02  0.35662833663446E+01 -0.17608711408121E+02 -0.22307236182039E+03 -0.11733518473339E+03 -0.31944952378694E+04 -0.18397732421292E+04 -0.52730362339352E+04 -0.32792380493368E+04
   0.41753141170243E+05 -0.79320703643701E+04  0.14836464067421E+04  0.61187355741903E+05 -0.83821169067561E+04  0.14186990256462E+05  0.10773712783349E+05  0.58823164405320E+05 -0.33236419184752E+04 -0.30877753919115E+04  0.53702970378821E+03 -0.22260635916222E+03 -0.25562691987101E+02  0.77718607348781E+01  0.50434273578270E+04 -0.68161181027690E+03  0.45810359174595E+04  0.26674661256881E+04 -0.20120016817764E+06 -0.23493372227676E+04 -0.82296830535657E+03 -0.29755657518999E+03 -0.11656710988892E+03  0.21412152210845E+03  0.11990641068882E+04 -0.38704855052723E+04 -0.24119752755500E+04 -0.37798970460422E+04  0.13536034312024E+03 -0.95920964664490E+04 -0.49912918305315E+05 -0.14398023331512E+03 -0.26548260800359E+03 -0.12230866331148E+02 -0.33237885513766E+03 -0.14128315139567E+03 -0.13691602162827E+04 -0.11335316722001E+04 -0.33744887192711E+04 -0.31270922541520E+04
   0.94680899909737E+06 -0.11640960707696E+06  0.26491209100225E+05  0.35512711511373E+06 -0.31477891144461E+05  0.10805213272761E+06  0.58823164405320E+05  0.53482828972715E+07 -0.23940675425934E+07 -0.87435518688794E+05  0.25773589186294E+05  0.24053702573260E+05  0.16178171167422E+04  0.68279384376066E+02  0.88834358630673E+05 -0.11778038616168E+05  0.95225465234619E+05  0.51509974430919E+05 -0.50282247978211E+06 -0.36453704900718E+05 -0.70542115620081E+04 -0.18516592035384E+04 -0.61048665769957E+03  0.58126358333256E+04  0.32711288211507E+05 -0.26624636573195E+05 -0.62626032650528E+05 -0.49663941812518E+05 -0.70567500209567E+05 -0.29387795284976E+06 -0.57466003397109E+06 -0.74766920180908E+05 -0.16930792618688E+06 -0.14043607404673E+04  0.59381891470281E+03  0.40005956933498E+03 -0.27445211828690E+06 -0.14472188433694E+06 -0.17719321728271E+06 -0.86336289750386E+04
  -0.17677674760931E+06  0.25283837394027E+05 -0.48157451300646E+04 -0.27166429207173E+05  0.37368165180601E+03 -0.10246006600819E+05 -0.33236419184752E+04 -0.23940675425934E+07  0.19159531421353E+07  0.18985651815524E+05 -0.63307506596376E+04 -0.50320144058351E+04 -0.27755388539923E+03 -0.85080200687485E+01  0.49793171485077E+05 -0.24769620290300E+04  0.17567564891077E+05  0.86845964296549E+04 -0.31556005566368E+05  0.90516093348004E+04  0.13976886173554E+04  0.31525592112466E+03  0.96169466370693E+02 -0.13129447941939E+04 -0.77531243017847E+04  0.42615120643473E+04  0.11368309239828E+05  0.10631479431816E+05  0.24673986036921E+05  0.66477759217889E+05  0.12569894819266E+06  0.23037802734762E+05  0.52236170200777E+05  0.18770315433761E+03 -0.13454801068562E+04 -0.73202360322992E+03  0.11263912133590E+06  0.45085712388898E+05  0.54683406314457E+05  0.15365908721935E+04
  -0.46568681940468E+05  0.64966754748115E+04 -0.15306804026618E+04 -0.17520321456485E+05  0.21765946984905E+04 -0.44119764217453E+04 -0.30877753919115E+04 -0.87435518688794E+05  0.18985651815524E+05  0.25673343243890E+04 -0.60281259295714E+03 -0.59266209207918E+03 -0.51990928950996E+02 -0.12201804377394E+01 -0.40943528915670E+04  0.52817764183816E+03 -0.38302389253258E+04 -0.21791461316702E+04  0.47896421572262E+05  0.12140024950212E+04  0.32351028209392E+03  0.10342703867749E+03  0.38126630438168E+02 -0.18629616560935E+03 -0.10086946135973E+04  0.15759201061250E+04  0.27196543405434E+04  0.18610471693577E+04  0.73296013707000E+03  0.10873530708832E+05  0.22507847368516E+05  0.15003044510702E+04  0.33416818485383E+04  0.43205926993882E+02  0.11860627605623E+03  0.53197481457563E+02  0.31136394720704E+04  0.28195689536524E+04  0.35386074216056E+04  0.42649177459957E+03
   0.70513052186272E+04 -0.81337308812385E+03  0.20085715941954E+03  0.31402855994790E+04 -0.30417996927019E+03  0.93438239099966E+03  0.53702970378821E+03  0.25773589186294E+05 -0.63307506596376E+04 -0.60281259295714E+03  0.16545159547107E+03  0.16903709268765E+03  0.12282771678495E+02  0.45407002740791E+00  0.12461115402916E+04 -0.14443260493086E+03  0.11240142926773E+04  0.61333899883135E+03 -0.53462673085403E+04 -0.23612875612180E+03 -0.50028712675537E+02 -0.13692536061384E+02 -0.45835047911722E+01  0.39811134795358E+02  0.21891004640176E+03 -0.19987046389763E+03 -0.46183497993439E+03 -0.34439537885758E+03 -0.33554170945045E+03 -0.19923316293444E+04 -0.39450620664625E+04 -0.42288899965482E+03 -0.95801980654599E+03 -0.10816043726735E+02 -0.11210995061662E+02 -0.53797738000059E+01 -0.11313284940901E+04 -0.81658672035789E+03 -0.10069498698807E+04 -0.63447028325300E+02
   0.13841494677861E+05 -0.10809704277943E+04  0.37408560265526E+03 -0.13488528292342E+04 -0.91939065618687E+01 -0.66512893183334E+03 -0.22260635916222E+03  0.24053702573260E+05 -0.50320144058351E+04 -0.59266209207918E+03  0.16903709268765E+03  0.12975082065654E+04  0.86722490733322E+02 -0.12336991516823E+01  0.12741268727606E+04 -0.18636774718032E+03  0.14689480380803E+04  0.84586978946752E+03 -0.51960377620127E+04  0.23844777691574E+03  0.23005038633399E+02  0.19787992368492E+00 -0.74387794650166E+00  0.34563897141273E+02  0.21636283272325E+03 -0.45426326067904E+02 -0.99857377859716E+03 -0.91701385848287E-11 -0.62279433470897E+03 -0.44647261433097E+04  0.34358156383322E-09 -0.20602010166599E+04 -0.59875153311988E+02 -0.70006475748216E+02 -0.15043419598784E+01 -0.65026708360476E+00  0.24195025218010E+03 -0.24292216664627E+04 -0.31635972321365E-11  0.26678374604131E+03
   0.15249976866621E+04 -0.12215715089199E+03  0.46579376697592E+02 -0.14422115256385E+03  0.53618519561524E+01 -0.62501032828753E+02 -0.25562691987101E+02  0.16178171167422E+04 -0.27755388539923E+03 -0.51990928950996E+02  0.12282771678495E+02  0.86722490733322E+02  0.77455010362009E+01 -0.13117022131345E+00  0.72790764911161E+02 -0.12781007191771E+02  0.89943546472175E+02  0.56123661808432E+02 -0.24505752822587E+03  0.12815295548290E+02  0.16691417558287E+01  0.25914081038294E-01 -0.74299339681566E-01  0.44951926157448E+01  0.24911002351398E+02 -0.90663008705724E+01 -0.14405999805781E+03  0.39534084337009E-11 -0.24747148999641E+02 -0.51580708396253E+03 -0.11801964577300E-10 -0.13000212760280E+03 -0.15224295700271E+02 -0.56527304877358E+01 -0.15658421963042E+00 -0.61591081560347E-01  0.24525334434174E+02 -0.17582676500161E+03 -0.68032236598398E-11  0.58407797281213E+02
  -0.88114372790154E+02  0.10635573946084E+02 -0.32741774302310E+01  0.44750022998650E+02 -0.39133606095648E+01  0.14870558151748E+02  0.77718607348781E+01  0.68279384376066E+02 -0.85080200687485E+01 -0.12201804377394E+01  0.45407002740791E+00 -0.12336991516823E+01 -0.13117022131345E+00  0.28629312265513E-01  0.10377745922884E+02 -0.79364417861553E+00  0.67137441127473E+01  0.31594453050683E+01 -0.61375194530077E+02  0.98988749264536E+00 -0.33943876599237E-01 -0.14969957006321E-01 -0.51748823635742E-02 -0.58782242923693E-02 -0.21320801136658E-01  0.10687280917891E-01  0.43864257975456E-01  0.16010300946903E-12 -0.38504458283978E+01 -0.28259811989828E+00  0.11949722768793E-11 -0.16069413855861E+01 -0.15196690048520E-05 -0.82588320288831E-01 -0.96423189602857E-03 -0.53529168152640E-03 -0.14635037740582E+01 -0.15526597801603E+01 -0.27935295118077E-12  0.26672476446988E-05
   0.11762897312909E+05  0.34539824724395E+03 -0.20874060354744E+03  0.32564746459328E+05 -0.27544288262769E+04  0.97298366665172E+04  0.50434273578270E+04  0.88834358630673E+05  0.49793171485077E+05 -0.40943528915670E+04  0.12461115402916E+04  0.12741268727606E+04  0.72790764911161E+02  0.10377745922884E+02  0.51568640737229E+05 -0.50310015071677E+04  0.39667768133350E+05  0.20846530612190E+05 -0.58468502075940E+05  0.19677647782837E+02  0.49361031886878E+02  0.23175645756924E+02  0.10118378101633E+02 -0.34579972308875E+02 -0.16997695774089E+03  0.65652671340721E+03 -0.29804537026573E+04 -0.19325197885104E+04 -0.25188036652206E+04  0.19242170231631E+04  0.43304027430952E+04 -0.15305936333644E+04 -0.30874886728129E+04 -0.74508173469200E+03 -0.30415498300854E+04 -0.15930846273918E+04 -0.22059405567550E+04 -0.99640605848356E+03 -0.11213590035581E+04  0.20510756213667E+03
  -0.28994852035758E+04  0.50165119399783E+02 -0.31084191202952E+02 -0.42267149948131E+04  0.37312816735494E+03 -0.12785790166548E+04 -0.68161181027690E+03 -0.11778038616168E+05 -0.24769620290300E+04  0.52817764183816E+03 -0.14443260493086E+03 -0.18636774718032E+03 -0.12781007191771E+02 -0.79364417861553E+00 -0.50310015071677E+04  0.57525780420533E+03 -0.44172391351761E+04 -0.24170827192033E+04  0.78291001755824E+04  0.12964946588759E+02 -0.61813164678772E+01 -0.41232268330872E+01 -0.20950090552289E+01 -0.14692189200875E+01 -0.59635061607020E+01 -0.13625327674848E+03  0.58101897180079E+03  0.36164821997438E+03  0.29811024060397E+03 -0.13657450028689E+03 -0.48150749076141E+03  0.16680293519035E+03  0.33453481512175E+03  0.86397791225296E+02  0.49633715060862E+03  0.24062791653172E+03 -0.38317543636794E+03  0.28343443262698E+03  0.31798429762948E+03 -0.37311236311805E+02
   0.13171201887696E+05  0.16498270844988E+03 -0.11057530054203E+03  0.29902991662462E+05 -0.24250604342222E+04  0.91605056374940E+04  0.45810359174595E+04  0.95225465234619E+05  0.17567564891077E+05 -0.38302389253258E+04  0.11240142926773E+04  0.14689480380803E+04  0.89943546472175E+02  0.67137441127473E+01  0.39667768133350E+05 -0.44172391351761E+04  0.34774963707666E+05  0.18776343658118E+05 -0.51956453018442E+05  0.11375466423078E+01  0.55143303597697E+02  0.23224099106743E+02  0.85938101484795E+01 -0.76939420944285E+02 -0.29450069923200E+03  0.60442290634516E+03 -0.30381780039103E+04 -0.19362195754420E+04 -0.27041011590578E+04  0.22986381369822E+04  0.50486124981552E+04 -0.13602258506516E+04 -0.27573041768512E+04 -0.67047022044198E+03 -0.28965045656678E+04 -0.15513032677117E+04  0.15980780446426E+04 -0.18912358153138E+04 -0.20987843418123E+04  0.26656256239417E+03
   0.97591552315116E+04 -0.10617066801176E+02  0.32292410498359E+02  0.16952954544862E+05 -0.14092643482389E+04  0.52363290940873E+04  0.26674661256881E+04  0.51509974430919E+05  0.86845964296549E+04 -0.21791461316702E+04  0.61333899883135E+03  0.84586978946752E+03  0.56123661808432E+02  0.31594453050683E+01  0.20846530612190E+05 -0.24170827192033E+04  0.18776343658118E+05  0.10277573824962E+05 -0.29991790974032E+05 -0.26292189442012E+02  0.31803035322313E+02  0.15924272444067E+02  0.66578551172424E+01 -0.31648462042110E+02 -0.10557780616035E+03  0.46417358888538E+03 -0.21426490864783E+04 -0.13318329806952E+04 -0.13567097325388E+04  0.10435016376521E+04  0.27308061319939E+04 -0.69371683138013E+03 -0.14060164284727E+04 -0.37093923187862E+03 -0.18876952140737E+04 -0.96774076694992E+03  0.16900533814798E+04 -0.13021976702897E+04 -0.14470948250325E+04  0.18395758167466E+03
  -0.58831979673656E+07  0.19876484195130E+07 -0.22644996196477E+06 -0.19020195130181E+07  0.38589333437324E+06 -0.50240764433897E+05 -0.20120016817764E+06 -0.50282247978211E+06 -0.31556005566368E+05  0.47896421572262E+05 -0.53462673085403E+04 -0.51960377620127E+04 -0.24505752822587E+03 -0.61375194530077E+02 -0.58468502075940E+05  0.78291001755824E+04 -0.51956453018442E+05 -0.29991790974032E+05  0.26605152698244E+08  0.14183522122083E+06  0.73642861160237E+05  0.39332432360020E+05  0.21949582070027E+05  0.37070684280754E+05  0.45187805063286E+05  0.34408759102850E+06  0.33404316771255E+05  0.75172791041232E+05 -0.12123827531126E+04  0.55901692777459E+06  0.27302253888048E+07  0.16468768814001E+05  0.31160725098042E+05  0.18882291474660E+03  0.23190306329128E+05  0.73093369260988E+04 -0.17351931550241E+05  0.20261359431672E+05  0.63299747174857E+05  0.44380151498116E+05
  -0.57251251423763E+05  0.14129903756962E+05 -0.21212425612738E+04 -0.16943159728964E+05  0.29186246466826E+04 -0.19762475932603E+04 -0.23493372227676E+04 -0.36453704900718E+05  0.90516093348004E+04  0.12140024950212E+04 -0.23612875612180E+03  0.23844777691574E+03  0.12815295548290E+02  0.98988749264536E+00  0.19677647782837E+02  0.12964946588759E+02  0.11375466423078E+01 -0.26292189442012E+02  0.14183522122083E+06  0.27300170014284E+04  0.88545515547775E+03  0.37799910634848E+03  0.18491859512769E+03  0.66113504116841E+02 -0.40998733405145E+03  0.30505953808801E+04  0.00000000000000E+00  0.26049834077582E+04  0.00000000000000E+00  0.00000000000000E+00  0.41200436977995E+05  0.00000000000000E+00  0.00000000000000E+00  0.00000000000000E+00  0.00000000000000E+00  0.00000000000000E+00  0.00000000000000E+00  0.00000000000000E+00  0.41923926404037E+04 -0.16440128155643E+04
  -0.24408024993995E+05  0.69452099081171E+04 -0.92036254672136E+03 -0.66324408802394E+04  0.12657683995054E+04 -0.43939256608370E+03 -0.82296830535657E+03 -0.70542115620081E+04  0.13976886173554E+04  0.32351028209392E+03 -0.50028712675537E+02  0.23005038633399E+02  0.16691417558287E+01 -0.33943876599237E-01  0.49361031886878E+02 -0.61813164678772E+01  0.55143303597697E+02  0.31803035322313E+02  0.73642861160237E+05  0.88545515547775E+03  0.37566356982387E+03  0.18006592864208E+03  0.94310440678919E+02  0.81910343267533E+02 -0.59370578508329E+01  0.13640857631814E+04  0.00000000000000E+00  0.67692221087213E+03  0.00000000000000E+00  0.00000000000000E+00  0.15547136485319E+05  0.00000000000000E+00  0.00000000000000E+00  0.00000000000000E+00  0.00000000000000E+00  0.00000000000000E+00  0.00000000000000E+00  0.00000000000000E+00  0.87508876564772E+03 -0.51226410114931E+03
  -0.11562099865397E+05  0.36471672954262E+04 -0.44008808477680E+03 -0.28061694200226E+04  0.56792770234774E+03 -0.64749115930440E+02 -0.29755657518999E+03 -0.18516592035384E+04  0.31525592112466E+03  0.10342703867749E+03 -0.13692536061384E+02  0.19787992368492E+00  0.25914081038294E-01 -0.14969957006321E-01  0.23175645756924E+02 -0.41232268330872E+01  0.23224099106743E+02  0.15924272444067E+02  0.39332432360020E+05  0.37799910634848E+03  0.18006592864208E+03  0.92828162153800E+02  0.51086259630527E+02  0.57871808750627E+02  0.45800627549498E+02  0.65757185484127E+03  0.00000000000000E+00  0.19807960082752E+03  0.00000000000000E+00  0.00000000000000E+00  0.67917803253413E+04  0.00000000000000E+00  0.00000000000000E+00  0.00000000000000E+00  0.00000000000000E+00  0.00000000000000E+00  0.00000000000000E+00  0.00000000000000E+00  0.26104064340294E+03 -0.16772272202421E+03
  -0.59145785607438E+04  0.20203810569131E+04 -0.22631989199755E+03 -0.13003894056521E+04  0.27120726785192E+03  0.11957925823932E+02 -0.11656710988892E+03 -0.61048665769957E+03  0.96169466370693E+02  0.38126630438168E+02 -0.45835047911722E+01 -0.74387794650166E+00 -0.74299339681566E-01 -0.51748823635742E-02  0.10118378101633E+02 -0.20950090552289E+01  0.85938101484795E+01  0.66578551172424E+01  0.21949582070027E+05  0.18491859512769E+03  0.94310440678919E+02  0.51086259630527E+02  0.29149102094886E+02  0.36983111359242E+02  0.38821376777157E+02  0.33790001439687E+03  0.00000000000000E+00  0.60731562851907E+02  0.00000000000000E+00  0.00000000000000E+00  0.32893482223334E+04  0.00000000000000E+00  0.00000000000000E+00  0.00000000000000E+00  0.00000000000000E+00  0.00000000000000E+00  0.00000000000000E+00  0.00000000000000E+00  0.97665843832138E+02 -0.58451919163986E+02
  -0.94329093809268E+04  0.51071416909370E+04 -0.39214132633890E+03 -0.25737741673198E+03  0.21461982247437E+03  0.54911225855538E+03  0.21412152210845E+03  0.58126358333256E+04 -0.13129447941939E+04 -0.18629616560935E+03  0.39811134795358E+02  0.34563897141273E+02  0.44951926157448E+01 -0.58782242923693E-02 -0.34579972308875E+02 -0.14692189200875E+01 -0.76939420944285E+02 -0.31648462042110E+02  0.37070684280754E+05  0.66113504116841E+02  0.81910343267533E+02  0.57871808750627E+02  0.36983111359242E+02  0.20259583763629E+03  0.44182497741805E+03  0.78265212913482E+03 -0.42125122903971E+02 -0.23627095621333E+02  0.45500574479036E+01  0.10868630416717E+04  0.81229420211209E+03  0.00000000000000E+00  0.00000000000000E+00  0.00000000000000E+00  0.00000000000000E+00  0.00000000000000E+00  0.00000000000000E+00 -0.27665387593019E+03 -0.28859155007365E+03 -0.24361107974526E+02
   0.22106950627022E+04  0.56014145010196E+04 -0.61448511824164E+02  0.38984288017306E+04 -0.12884701790872E+03  0.21457979325446E+04  0.11990641068882E+04  0.32711288211507E+05 -0.77531243017847E+04 -0.10086946135973E+04  0.21891004640176E+03  0.21636283272325E+03  0.24911002351398E+02 -0.21320801136658E-01 -0.16997695774089E+03 -0.59635061607020E+01 -0.29450069923200E+03 -0.10557780616035E+03  0.45187805063286E+05 -0.40998733405145E+03 -0.59370578508329E+01  0.45800627549498E+02  0.38821376777157E+02  0.44182497741805E+03  0.14154757681295E+04  0.58853774962402E+03 -0.14972695821677E+03 -0.97800817957890E+02 -0.15556991850063E+02 -0.48944744956595E+04 -0.89971836562715E+04  0.00000000000000E+00  0.00000000000000E+00  0.00000000000000E+00  0.00000000000000E+00  0.00000000000000E+00  0.00000000000000E+00 -0.17830001499978E+04 -0.18429125470440E+04 -0.44094863091458E+02
  -0.17486811660631E+06  0.49322114643210E+05 -0.66417949202502E+04 -0.31950305026866E+05  0.64482517404826E+04 -0.14395386699996E+04 -0.38704855052723E+04 -0.26624636573195E+05  0.42615120643473E+04  0.15759201061250E+04 -0.19987046389763E+03 -0.45426326067904E+02 -0.90663008705724E+01  0.10687280917891E-01  0.65652671340721E+03 -0.13625327674848E+03  0.60442290634516E+03  0.46417358888538E+03  0.34408759102850E+06  0.30505953808801E+04  0.13640857631814E+04  0.65757185484127E+03  0.33790001439687E+03  0.78265212913482E+03  0.58853774962402E+03  0.12079957721501E+05  0.25119855717977E+03  0.13078864320654E+03 -0.47800452173185E+01  0.39849782219591E+05  0.64349373659606E+05  0.00000000000000E+00  0.00000000000000E+00  0.00000000000000E+00  0.00000000000000E+00  0.00000000000000E+00  0.00000000000000E+00  0.15683015158070E+04  0.15998084482321E+04 -0.88532336552625E+02
  -0.13251092573329E+06  0.16810201776421E+05 -0.46821031733079E+04 -0.12854057785297E+05  0.19773435191350E+04 -0.26797120326465E+04 -0.24119752755500E+04 -0.62626032650528E+05  0.11368309239828E+05  0.27196543405434E+04 -0.46183497993439E+03 -0.99857377859716E+03 -0.14405999805781E+03  0.43864257975456E-01 -0.29804537026573E+04  0.58101897180079E+03 -0.30381780039103E+04 -0.21426490864783E+04  0.33404316771255E+05  0.00000000000000E+00  0.00000000000000E+00  0.00000000000000E+00  0.00000000000000E+00 -0.42125122903971E+02 -0.14972695821677E+03  0.25119855717977E+03  0.11763371132586E+06  0.00000000000000E+00  0.00000000000000E+00  0.00000000000000E+00  0.00000000000000E+00  0.00000000000000E+00  0.00000000000000E+00  0.00000000000000E+00  0.00000000000000E+00  0.00000000000000E+00  0.00000000000000E+00  0.00000000000000E+00  0.00000000000000E+00  0.00000000000000E+00
  -0.56201159226185E+05  0.83548206932108E+04 -0.19912317055798E+04 -0.21349744436450E+05  0.33373192178773E+04 -0.40873878538714E+04 -0.37798970460422E+04 -0.49663941812518E+05  0.10631479431816E+05  0.18610471693577E+04 -0.34439537885758E+03 -0.91701385848287E-11  0.39534084337009E-11  0.16010300946903E-12 -0.19325197885104E+04  0.36164821997438E+03 -0.19362195754420E+04 -0.13318329806952E+04  0.75172791041232E+05  0.26049834077582E+04  0.67692221087213E+03  0.19807960082752E+03  0.60731562851907E+02 -0.23627095621333E+02 -0.97800817957890E+02  0.13078864320654E+03  0.00000000000000E+00  0.65034293364039E+05  0.00000000000000E+00  0.00000000000000E+00  0.00000000000000E+00  0.00000000000000E+00  0.00000000000000E+00  0.00000000000000E+00  0.00000000000000E+00  0.00000000000000E+00  0.00000000000000E+00  0.00000000000000E+00  0.00000000000000E+00  0.00000000000000E+00
  -0.52046242080209E+04 -0.20239721123831E+03  0.20567605573618E+02 -0.74266797452539E+02 -0.57840724473800E+02  0.14575434736254E+03  0.13536034312024E+03 -0.70567500209567E+05  0.24673986036921E+05  0.73296013707000E+03 -0.33554170945045E+03 -0.62279433470897E+03 -0.24747148999641E+02 -0.38504458283978E+01 -0.25188036652206E+04  0.29811024060397E+03 -0.27041011590578E+04 -0.13567097325388E+04 -0.12123827531126E+04  0.00000000000000E+00  0.00000000000000E+00  0.00000000000000E+00  0.00000000000000E+00  0.45500574479036E+01 -0.15556991850063E+02 -0.47800452173185E+01  0.00000000000000E+00  0.00000000000000E+00  0.30897255453813E+05  0.00000000000000E+00  0.00000000000000E+00  0.00000000000000E+00  0.00000000000000E+00  0.00000000000000E+00  0.00000000000000E+00  0.00000000000000E+00  0.00000000000000E+00  0.00000000000000E+00  0.00000000000000E+00  0.00000000000000E+00
  -0.87450645849180E+06  0.21236224880464E+06 -0.32070070860843E+05 -0.66779183862240E+05  0.11629523848305E+05 -0.81421215996188E+04 -0.95920964664490E+04 -0.29387795284976E+06  0.66477759217889E+05  0.10873530708832E+05 -0.19923316293444E+04 -0.44647261433097E+04 -0.51580708396253E+03 -0.28259811989828E+00  0.19242170231631E+04 -0.13657450028689E+03  0.22986381369822E+04  0.10435016376521E+04  0.55901692777459E+06  0.00000000000000E+00  0.00000000000000E+00  0.00000000000000E+00  0.00000000000000E+00  0.10868630416717E+04 -0.48944744956595E+04  0.39849782219591E+05  0.00000000000000E+00  0.00000000000000E+00  0.00000000000000E+00  0.58344703146489E+06  0.00000000000000E+00  0.00000000000000E+00  0.00000000000000E+00  0.00000000000000E+00  0.00000000000000E+00  0.00000000000000E+00  0.00000000000000E+00  0.00000000000000E+00  0.00000000000000E+00  0.00000000000000E+00
  -0.11335632544734E+07  0.26858802002347E+06 -0.41804601261459E+05 -0.34516243465125E+06  0.61606880957562E+05 -0.39510513112678E+05 -0.49912918305315E+05 -0.57466003397109E+06  0.12569894819266E+06  0.22507847368516E+05 -0.39450620664625E+04  0.34358156383322E-09 -0.11801964577300E-10  0.11949722768793E-11  0.43304027430952E+04 -0.48150749076141E+03  0.50486124981552E+04  0.27308061319939E+04  0.27302253888048E+07  0.41200436977995E+05  0.15547136485319E+05  0.67917803253413E+04  0.32893482223334E+04  0.81229420211209E+03 -0.89971836562715E+04  0.64349373659606E+05  0.00000000000000E+00  0.00000000000000E+00  0.00000000000000E+00  0.00000000000000E+00  0.92456455818629E+06  0.00000000000000E+00  0.00000000000000E+00  0.00000000000000E+00  0.00000000000000E+00  0.00000000000000E+00  0.00000000000000E+00  0.00000000000000E+00  0.00000000000000E+00  0.00000000000000E+00
  -0.21228430515604E+05  0.58068025787244E+04 -0.80806239560945E+03 -0.13349546830337E+04  0.30758514354356E+03  0.22172476020698E+02 -0.14398023331512E+03 -0.74766920180908E+05  0.23037802734762E+05  0.15003044510702E+04 -0.42288899965482E+03 -0.20602010166599E+04 -0.13000212760280E+03 -0.16069413855861E+01 -0.15305936333644E+04  0.16680293519035E+03 -0.13602258506516E+04 -0.69371683138013E+03  0.16468768814001E+05  0.00000000000000E+00  0.00000000000000E+00  0.00000000000000E+00  0.00000000000000E+00  0.00000000000000E+00  0.00000000000000E+00  0.00000000000000E+00  0.00000000000000E+00  0.00000000000000E+00  0.00000000000000E+00  0.00000000000000E+00  0.00000000000000E+00  0.14547195146830E+05  0.00000000000000E+00  0.00000000000000E+00  0.00000000000000E+00  0.00000000000000E+00  0.00000000000000E+00  0.00000000000000E+00  0.00000000000000E+00  0.00000000000000E+00
  -0.48364980280835E+05  0.13412591436335E+05 -0.18485918046154E+04 -0.25199998308849E+04  0.55834710660709E+03  0.35662833663446E+01 -0.26548260800359E+03 -0.16930792618688E+06  0.52236170200777E+05  0.33416818485383E+04 -0.95801980654599E+03 -0.59875153311988E+02 -0.15224295700271E+02 -0.15196690048520E-05 -0.30874886728129E+04  0.33453481512175E+03 -0.27573041768512E+04 -0.14060164284727E+04  0.31160725098042E+05  0.00000000000000E+00  0.00000000000000E+00  0.00000000000000E+00  0.00000000000000E+00  0.00000000000000E+00  0.00000000000000E+00  0.00000000000000E+00  0.00000000000000E+00  0.00000000000000E+00  0.00000000000000E+00  0.00000000000000E+00  0.00000000000000E+00  0.00000000000000E+00  0.32512160193588E+05  0.00000000000000E+00  0.00000000000000E+00  0.00000000000000E+00  0.00000000000000E+00  0.00000000000000E+00  0.00000000000000E+00  0.00000000000000E+00
  -0.31930325826653E+04  0.41978511192287E+03 -0.10031246158830E+03 -0.67083249608956E+02  0.83463649369026E+01 -0.17608711408121E+02 -0.12230866331148E+02 -0.14043607404673E+04  0.18770315433761E+03  0.43205926993882E+02 -0.10816043726735E+02 -0.70006475748216E+02 -0.56527304877358E+01 -0.82588320288831E-01 -0.74508173469200E+03  0.86397791225296E+02 -0.67047022044198E+03 -0.37093923187862E+03  0.18882291474660E+03  0.00000000000000E+00  0.00000000000000E+00  0.00000000000000E+00  0.00000000000000E+00  0.00000000000000E+00  0.00000000000000E+00  0.00000000000000E+00  0.00000000000000E+00  0.00000000000000E+00  0.00000000000000E+00  0.00000000000000E+00  0.00000000000000E+00  0.00000000000000E+00  0.00000000000000E+00  0.37955435961099E+04  0.00000000000000E+00  0.00000000000000E+00  0.00000000000000E+00  0.00000000000000E+00  0.00000000000000E+00  0.00000000000000E+00
  -0.89811868153181E+04  0.23783343523620E+04 -0.33764456670319E+03 -0.24033874493214E+04  0.44370826690808E+03 -0.22307236182039E+03 -0.33237885513766E+03  0.59381891470281E+03 -0.13454801068562E+04  0.11860627605623E+03 -0.11210995061662E+02 -0.15043419598784E+01 -0.15658421963042E+00 -0.96423189602857E-03 -0.30415498300854E+04  0.49633715060862E+03 -0.28965045656678E+04 -0.18876952140737E+04  0.23190306329128E+05  0.00000000000000E+00  0.00000000000000E+00  0.00000000000000E+00  0.00000000000000E+00  0.00000000000000E+00  0.00000000000000E+00  0.00000000000000E+00  0.00000000000000E+00  0.00000000000000E+00  0.00000000000000E+00  0.00000000000000E+00  0.00000000000000E+00  0.00000000000000E+00  0.00000000000000E+00  0.00000000000000E+00  0.81144344129034E+04  0.00000000000000E+00  0.00000000000000E+00  0.00000000000000E+00  0.00000000000000E+00  0.00000000000000E+00
  -0.31715182966636E+04  0.75373767129981E+03 -0.11801076739218E+03 -0.93511857909301E+03  0.16505180388843E+03 -0.11733518473339E+03 -0.14128315139567E+03  0.40005956933498E+03 -0.73202360322992E+03  0.53197481457563E+02 -0.53797738000059E+01 -0.65026708360476E+00 -0.61591081560347E-01 -0.53529168152640E-03 -0.15930846273918E+04  0.24062791653172E+03 -0.15513032677117E+04 -0.96774076694992E+03  0.73093369260988E+04  0.00000000000000E+00  0.00000000000000E+00  0.00000000000000E+00  0.00000000000000E+00  0.00000000000000E+00  0.00000000000000E+00  0.00000000000000E+00  0.00000000000000E+00  0.00000000000000E+00  0.00000000000000E+00  0.00000000000000E+00  0.00000000000000E+00  0.00000000000000E+00  0.00000000000000E+00  0.00000000000000E+00  0.00000000000000E+00  0.41697259882258E+04  0.00000000000000E+00  0.00000000000000E+00  0.00000000000000E+00  0.00000000000000E+00
  -0.18503125468010E+05 -0.21733640222277E+04 -0.73697544924181E+02 -0.10171601721539E+05  0.40436850174169E+03 -0.31944952378694E+04 -0.13691602162827E+04 -0.27445211828690E+06  0.11263912133590E+06  0.31136394720704E+04 -0.11313284940901E+04  0.24195025218010E+03  0.24525334434174E+02 -0.14635037740582E+01 -0.22059405567550E+04 -0.38317543636794E+03  0.15980780446426E+04  0.16900533814798E+04 -0.17351931550241E+05  0.00000000000000E+00  0.00000000000000E+00  0.00000000000000E+00  0.00000000000000E+00  0.00000000000000E+00  0.00000000000000E+00  0.00000000000000E+00  0.00000000000000E+00  0.00000000000000E+00  0.00000000000000E+00  0.00000000000000E+00  0.00000000000000E+00  0.00000000000000E+00  0.00000000000000E+00  0.00000000000000E+00  0.00000000000000E+00  0.00000000000000E+00  0.12699717510162E+06  0.00000000000000E+00  0.00000000000000E+00  0.00000000000000E+00
  -0.74675198372466E+05  0.87364904517256E+04 -0.22295656680550E+04 -0.73220232998300E+04  0.80945019539204E+03 -0.18397732421292E+04 -0.11335316722001E+04 -0.14472188433694E+06  0.45085712388898E+05  0.28195689536524E+04 -0.81658672035789E+03 -0.24292216664627E+04 -0.17582676500161E+03 -0.15526597801603E+01 -0.99640605848356E+03  0.28343443262698E+03 -0.18912358153138E+04 -0.13021976702897E+04  0.20261359431672E+05  0.00000000000000E+00  0.00000000000000E+00  0.00000000000000E+00  0.00000000000000E+00 -0.27665387593019E+03 -0.17830001499978E+04  0.15683015158070E+04  0.00000000000000E+00  0.00000000000000E+00  0.00000000000000E+00  0.00000000000000E+00  0.00000000000000E+00  0.00000000000000E+00  0.00000000000000E+00  0.00000000000000E+00  0.00000000000000E+00  0.00000000000000E+00  0.00000000000000E+00  0.95961257670875E+05  0.00000000000000E+00  0.00000000000000E+00
  -0.58852837198553E+05  0.73759646220734E+04 -0.18018940361930E+04 -0.21697623039046E+05  0.25039283835790E+04 -0.52730362339352E+04 -0.33744887192711E+04 -0.17719321728271E+06  0.54683406314457E+05  0.35386074216056E+04 -0.10069498698807E+04 -0.31635972321365E-11 -0.68032236598398E-11 -0.27935295118077E-12 -0.11213590035581E+04  0.31798429762948E+03 -0.20987843418123E+04 -0.14470948250325E+04  0.63299747174857E+05  0.41923926404037E+04  0.87508876564772E+03  0.26104064340294E+03  0.97665843832138E+02 -0.28859155007365E+03 -0.18429125470440E+04  0.15998084482321E+04  0.00000000000000E+00  0.00000000000000E+00  0.00000000000000E+00  0.00000000000000E+00  0.00000000000000E+00  0.00000000000000E+00  0.00000000000000E+00  0.00000000000000E+00  0.00000000000000E+00  0.00000000000000E+00  0.00000000000000E+00  0.00000000000000E+00  0.10038195311761E+06  0.00000000000000E+00
   0.17145876460878E+05 -0.22867965036988E+04  0.61108526023342E+03 -0.16249141072629E+05  0.25352433695597E+04 -0.32792380493368E+04 -0.31270922541520E+04 -0.86336289750386E+04  0.15365908721935E+04  0.42649177459957E+03 -0.63447028325300E+02  0.26678374604131E+03  0.58407797281213E+02  0.26672476446988E-05  0.20510756213667E+03 -0.37311236311805E+02  0.26656256239417E+03  0.18395758167466E+03  0.44380151498116E+05 -0.16440128155643E+04 -0.51226410114931E+03 -0.16772272202421E+03 -0.58451919163986E+02 -0.24361107974526E+02 -0.44094863091458E+02 -0.88532336552625E+02  0.00000000000000E+00  0.00000000000000E+00  0.00000000000000E+00  0.00000000000000E+00  0.00000000000000E+00  0.00000000000000E+00  0.00000000000000E+00  0.00000000000000E+00  0.00000000000000E+00  0.00000000000000E+00  0.00000000000000E+00  0.00000000000000E+00  0.00000000000000E+00  0.39978592652093E+05

 # Covariance matrix (Bevington epsilon)
