# fitpack15: fit parameters                                                                         
# CJ15 AV18 final data choices                                                                      
# Created on 09/08/2019 at 16:51:50                                                                 

 # QCD setup
  INS                           0
  NVL                          11
  IORD                          1
  Q02                   1.6899999999999999     
  IPARAMC                       7
  FLAVOR                4.0000000000000000     
  xmc                   1.3000000000000000     
  xmb                   4.5000000000000000     
  ncb                          12
  ihq                           1
  ias                           0

 # Theory corrections
  inuke                     10114
  itmc                          1
  iht                           1

 # fit parameters
 LAMBDA       0.22680        0.0000    
 a0uv          2.1831        0.0000    
 a1uv         0.59287       0.21211E-01
 a2uv          3.5592       0.11010E-01
 a3uv          0.0000        0.0000    
 a4uv          3.9707       0.50873    
 a5uv          0.0000        0.0000    
 a0dv          25.990        0.0000    
 a1dv          1.1693       0.30714E-01
 a2dv          6.5715       0.14874    
 a3dv         -3.5151       0.77863E-01
 a4dv          4.6324       0.12896    
 a5dv          0.0000        0.0000    
 a0ud         0.14464       0.49319E-02
 a1ud        -0.20909       0.37326E-02
 a2ud          8.3440       0.19021    
 a3ud          0.0000        0.0000    
 a4ud          14.433        1.2259    
 a5ud          0.0000        0.0000    
 a0du          35712.        0.0000    
 a1du          4.1221       0.99777E-01
 a2du          20.341        1.0281    
 a3du          17.000        0.0000    
 a4du          61.040        16.662    
 a0g           48.770        0.0000    
 a1g          0.61534       0.31374E-01
 a2g           6.6257       0.90413    
 a3g          -3.4113       0.13369    
 a4g           3.4044       0.33321    
 a5g           0.0000        0.0000    
 kappa        0.40000        0.0000    
 a6dv        -0.34023E-02   0.65494E-03
 a7dv          2.0000        0.0000    
 off1        -0.16453       0.12206    
 off2         0.62467       0.73847    
 off3         -1.3983        1.0232    
 ht1          -3.3986       0.24226    
 ht2           1.9509       0.99589E-01
 ht3          -2.0678       0.24712E-01
 ht4           0.0000        0.0000    
 dummy41       0.0000        0.0000    
 dummy42       0.0000        0.0000    
 dummy43       0.0000        0.0000    
 dummy44       0.0000        0.0000    
 dummy45       0.0000        0.0000    
 dummy46       0.0000        0.0000    
 dummy47       0.0000        0.0000    
 dummy48       0.0000        0.0000    
 dummy49       0.0000        0.0000    
 bcdmsh2      0.96983       0.44733E-02
 bcdmsd2      0.99280       0.54475E-02
 ccfr          1.0000        0.0000    
 nutev         1.0000        0.0000    
 zeus         0.97998        0.0000    
 h1            1.0162        0.0000    
 e605          1.0319        0.0000    
 NmcH2         1.0059       0.68612E-02
 ntv_nu        1.0000        0.0000    
 ntv_nuba      1.0000        0.0000    
 cdf_jet      0.98910        0.0000    
 d0_jet       0.83504        0.0000    
 slac_p       0.99933       0.40825E-02
 slac_d        1.0016       0.44095E-02
 e866pp       0.96949       0.18529E-01
 e866pd       0.94729       0.16458E-01
 d0_gamje      1.0396       0.16503E-01
 h1b          0.97608        0.0000    
 jlab_p       0.99027       0.50561E-02
 jlab_d       0.97417       0.50962E-02
 blank         1.0000        0.0000    
 d0run2       0.94801       0.14385E-01
 cdfrun2      0.93424       0.17308E-01
 HERA_el       1.0000        0.0000    
 HERA_ps       1.0000        0.0000    
 CDF_Z        0.95686       0.60861E-02
 NmcRat        1.0000        0.0000    
 BNS_F2nd     0.97392       0.72201E-02
 HERMES_F     0.99368       0.50407E-02
 HERMES_F     0.97798       0.52099E-02
 e03103_p     0.99413       0.45600E-02
 e03103_d     0.97692       0.46410E-02
 e06009_d_c   0.96192       0.76854E-02
 e94110_p      1.0067       0.47433E-02
 e99118_p      1.0089       0.17416E-01
 e99118_d      1.0207       0.17717E-01
 jlcee96_p     1.0157       0.48427E-02
 jlcee96_d     1.0206       0.52050E-02
 END 0. 0.

 # Hessian matrix (Bevington alpha)
   0.75656426816364E+07 -0.19249776804851E+07  0.32423221344301E+06  0.91415954196458E+06 -0.22190892496570E+06  0.28363306732137E+04  0.11905569442949E+06  0.12441823185379E+07 -0.22119308688387E+06 -0.71222544348899E+05  0.10179130046442E+05  0.13766656409648E+05  0.15959272657574E+04 -0.88992649182067E+02 -0.38759194463711E+04  0.72576676341830E+03  0.27732187298027E+04  0.46164092056809E+03 -0.11839592607551E+08 -0.97710438820478E+05 -0.42906273580049E+05 -0.20357670632611E+05 -0.30273881941380E+05 -0.20043781609575E+05 -0.47239442267589E+06 -0.12958153362666E+06 -0.54815742908207E+05 -0.47889133599925E+04 -0.85675339101524E+06 -0.11059391684919E+07 -0.20898794259291E+05 -0.47747699614455E+05 -0.31210583872371E+04 -0.20197269423684E+06 -0.22715129817124E+06 -0.89466358164544E+04 -0.31601853740320E+04 -0.16940953178517E+05  0.16921708346946E+05 -0.72645791903166E+05 -0.57216992309917E+05 -0.31493543607999E+06 -0.53361303351404E+06 -0.16349927923019E+05 -0.33627089806203E+06 -0.43865083910330E+04 -0.33706479159489E+04 -0.21899387410810E+06 -0.17055051847143E+06
  -0.19249776804851E+07  0.57618130677117E+06 -0.84213146874353E+05 -0.23366853272702E+06  0.57973937245912E+05  0.55448442667228E+04 -0.25487515297966E+05 -0.17960636433109E+06  0.34152966930805E+05  0.11791876406606E+05 -0.14205358064164E+04 -0.10983992974949E+04 -0.13433961439808E+03  0.10795561968838E+02  0.31737201607876E+04 -0.64698741884088E+03  0.14435939974870E+04  0.13854019419819E+04  0.37510094560709E+07  0.24780599811383E+05  0.12031534764003E+05  0.61605731492572E+04  0.12792385339220E+05  0.15187785593478E+05  0.12664834813762E+06  0.16698205374962E+05  0.82630842160994E+04 -0.22354138238974E+03  0.21074599360197E+06  0.26577141696500E+06  0.58047499898727E+04  0.13446754785088E+05  0.41820509965649E+03  0.63814882846104E+05  0.71419278248916E+05  0.23957149471028E+04  0.75931600450714E+03 -0.22486531851103E+04 -0.22903320830892E+04  0.86442014471439E+04  0.72794935451571E+04  0.80656143714968E+05  0.13557947351703E+06  0.10751307214218E+04  0.77501314014414E+05  0.58792788934854E+03  0.46547638319189E+03  0.42895577389984E+05  0.33630873484322E+05
   0.32423221344301E+06 -0.84213146874353E+05  0.13982608755989E+05  0.39213135438394E+05 -0.96374447763862E+04 -0.16067847645673E+03  0.50172940347609E+04  0.42716229039655E+05 -0.73293322424445E+04 -0.27712075808686E+04  0.35448085627958E+03  0.40741605351931E+03  0.54042652987392E+02 -0.36316912049349E+01 -0.87509425938779E+03  0.11726428754708E+03 -0.49765022822576E+03 -0.32521673686737E+03 -0.52119199950723E+06 -0.41646938276958E+04 -0.18559877502790E+04 -0.88804937982297E+03 -0.14054550544307E+04 -0.11601347850431E+04 -0.20519436681303E+05 -0.51227781385591E+04 -0.21781736788148E+04  0.35843381906876E+02 -0.35618069528012E+05 -0.46232836470599E+05 -0.90666163886793E+03 -0.20808155239507E+04 -0.10924459161245E+03 -0.89299029288362E+04 -0.10033937779609E+05 -0.38181314352481E+03 -0.13304990801751E+03 -0.21672486752297E+02  0.67486730084679E+03 -0.24056878116837E+04 -0.19464967747421E+04 -0.13645109159895E+05 -0.23190820505643E+05 -0.64810535947318E+03 -0.14564796137224E+05 -0.17384690750611E+03 -0.13415128296693E+03 -0.93321245160076E+04 -0.72604016184976E+04
   0.91415954196458E+06 -0.23366853272702E+06  0.39213135438394E+05  0.50495397308626E+06 -0.85538865721504E+05  0.88704242597887E+05  0.83914478155412E+05  0.41841080924815E+06 -0.36581521680101E+05 -0.22984101038214E+05  0.39373076402315E+04 -0.13112109880516E+04 -0.13361934678186E+03  0.44995103902096E+02  0.28687621449206E+05 -0.32997749450030E+04  0.25267693855174E+05  0.13593937132120E+05 -0.32011764965332E+07 -0.28889681180847E+05 -0.11858480996081E+05 -0.51877930980206E+04 -0.25929627739586E+04  0.23721447670132E+04 -0.83603587865259E+05 -0.12732640145718E+05 -0.21092035775932E+05 -0.53840549693319E+02 -0.66086741262786E+05 -0.34105891006624E+06 -0.13218685106875E+04 -0.25078444367288E+04 -0.68158523482843E+02 -0.11786451939973E+05 -0.52538917557460E+05 -0.24270751350885E+04 -0.94420013151356E+03 -0.96887997577169E+04 -0.16050585031199E+05 -0.72048737900951E+04 -0.21343553633975E+05 -0.23461724321724E+05 -0.15749336999751E+06 -0.81675311744870E+04 -0.27524031434860E+05 -0.46221575744962E+03 -0.13654138226968E+04 -0.20079063409538E+05 -0.60851755407486E+05
  -0.22190892496570E+06  0.57973937245912E+05 -0.96374447763862E+04 -0.85538865721504E+05  0.16770601622952E+05 -0.98265296239649E+04 -0.13143241801243E+05 -0.45816853891169E+05  0.23779969581089E+04  0.33232644762536E+04 -0.45190010598719E+03 -0.16582548002775E+02  0.37181943924796E+01 -0.39801990126408E+01 -0.21338282750456E+04  0.21596533885422E+03 -0.19158344463837E+04 -0.97330834556874E+03  0.71909221626779E+06  0.57009508675023E+04  0.25248027247323E+04  0.11603799528156E+04  0.10067517207239E+04  0.74461167551962E+03  0.18386437429605E+05  0.19928570673755E+04  0.33686645763175E+04 -0.58769807842216E+02  0.12020582583298E+05  0.63354953280658E+05  0.31952900704349E+03  0.58433023020361E+03  0.86920699484589E+01  0.29880855720396E+04  0.13172913812788E+05  0.46769079411893E+03  0.17290583209163E+03  0.35996489248445E+03  0.25457565451190E+04  0.81876403491004E+03  0.25282474401595E+04  0.50926475899856E+04  0.35048603623441E+05  0.11712856661955E+04  0.60021651039819E+04  0.70665484457703E+02  0.21205664109644E+03  0.39746428222111E+04  0.12033922300267E+05
   0.28363306732137E+04  0.55448442667228E+04 -0.16067847645673E+03  0.88704242597887E+05 -0.98265296239649E+04  0.28528235083802E+05  0.17993387713293E+05  0.11990159962831E+06 -0.11411410827312E+05 -0.53791813855312E+04  0.11242411028575E+04 -0.66535199612947E+03 -0.61946421368045E+02  0.15824748873297E+02  0.96638211910781E+04 -0.12129765744888E+04  0.83950907232220E+04  0.47320734954896E+04 -0.99760385754345E+05 -0.29493888849273E+04 -0.76437675112839E+03 -0.17124767918872E+03  0.10414435492835E+04  0.34142551012498E+04 -0.43632886207332E+04 -0.29876373144258E+04 -0.45707524673297E+04  0.17178821436904E+03 -0.95448403392068E+04 -0.46654604442692E+05 -0.26099140984918E+01 -0.40279039344815E+02 -0.19408738970404E+02  0.31665260126842E+03  0.11517540183440E+04 -0.28310752110716E+03 -0.14147111731347E+03 -0.31938671994608E+04 -0.36946190522815E+04 -0.19407782104968E+04 -0.55886804614411E+04 -0.14817008835988E+04 -0.79352316154699E+04 -0.19489611889864E+04 -0.17070800359738E+04 -0.10944755085382E+03 -0.31450879684322E+03 -0.21883464593618E+04 -0.67079050014826E+04
   0.11905569442949E+06 -0.25487515297966E+05  0.50172940347609E+04  0.83914478155412E+05 -0.13143241801243E+05  0.17993387713293E+05  0.15281200782913E+05  0.73570901269892E+05 -0.51583882194426E+04 -0.42294363903373E+04  0.71300047803574E+03 -0.21506051223161E+03 -0.24008780788292E+02  0.82171399654515E+01  0.46492376232808E+04 -0.56360246404311E+03  0.39797277186786E+04  0.22051660418243E+04 -0.38239588622997E+06 -0.42568828291836E+04 -0.16094142777063E+04 -0.63577204618219E+03  0.16820657932289E+03  0.15743124185470E+04 -0.11309317987106E+05 -0.26024354989895E+04 -0.40826182207708E+04  0.14665396849157E+03 -0.10590166345782E+05 -0.55005791878190E+05 -0.16601600804091E+03 -0.30610086617977E+03 -0.13352017159563E+02 -0.11219724436033E+04 -0.51466049662105E+04 -0.37841904224071E+03 -0.15888928579910E+03 -0.13489000516041E+04 -0.33771412580083E+04 -0.11931200236804E+04 -0.35598222278755E+04 -0.33122440274203E+04 -0.21564912556129E+05 -0.18430744685961E+04 -0.39820893101903E+04 -0.95026502160045E+02 -0.27872046988537E+03 -0.33439362476192E+04 -0.10157031735086E+05
   0.12441823185379E+07 -0.17960636433109E+06  0.42716229039655E+05  0.41841080924815E+06 -0.45816853891169E+05  0.11990159962831E+06  0.73570901269892E+05  0.51212745042736E+07 -0.23376408193523E+07 -0.89854326560441E+05  0.26641461356367E+05  0.23015026289704E+05  0.15895053223038E+04  0.66898627228008E+02  0.80555970278576E+05 -0.10251703523072E+05  0.81412404265368E+05  0.43409424932493E+05 -0.95412625115660E+06 -0.41569162927190E+05 -0.92069511092717E+04 -0.27249649426683E+04  0.85516803816739E+04  0.42043294406275E+05 -0.59204431338502E+05 -0.60716930657450E+05 -0.48174547877325E+05 -0.67942443006846E+05 -0.28492719609464E+06 -0.55721952865632E+06 -0.73187905084281E+05 -0.16608722925438E+06 -0.13564231593949E+04 -0.56511838549631E+04 -0.11127320765488E+05  0.39160906621096E+03  0.31846684486014E+03 -0.26441007942427E+06 -0.84750574430772E+04 -0.13931056310827E+06 -0.17070241189374E+06 -0.32630600500059E+05 -0.76965171714180E+05 -0.11513393926633E+05 -0.34133262627841E+05 -0.21610741505424E+04 -0.27239331871076E+04 -0.36058808829114E+05 -0.46224147397967E+05
  -0.22119308688387E+06  0.34152966930805E+05 -0.73293322424445E+04 -0.36581521680101E+05  0.23779969581089E+04 -0.11411410827312E+05 -0.51583882194426E+04 -0.23376408193523E+07  0.19236544888506E+07  0.19493639855820E+05 -0.65776560059819E+04 -0.48870914270841E+04 -0.27608420306131E+03 -0.80412647414305E+01  0.50562850508504E+05 -0.25800221589373E+04  0.17573430600649E+05  0.87037198976126E+04  0.20480850388162E+05  0.98664452496705E+04  0.17154555022609E+04  0.43709261361501E+03 -0.19868544286725E+04 -0.10120240170887E+05  0.89950338868384E+04  0.11306298830113E+05  0.10556067930686E+05  0.24233054587342E+05  0.65823798406276E+05  0.12445734752848E+06  0.23075588012153E+05  0.52430094188352E+05  0.18327535155673E+03  0.61538776066086E+03  0.12458498087997E+04 -0.12874307473536E+04 -0.71012533110766E+03  0.11134453411520E+06  0.15435298710887E+04  0.44436159400096E+05  0.53925151777906E+05  0.47453960333600E+04  0.10852379851699E+05  0.19108991418289E+04  0.48038027964643E+04  0.43920354284427E+03  0.55360531740786E+03  0.54989106602414E+04  0.71496746981141E+04
  -0.71222544348899E+05  0.11791876406606E+05 -0.27712075808686E+04 -0.22984101038214E+05  0.33232644762536E+04 -0.53791813855312E+04 -0.42294363903373E+04 -0.89854326560441E+05  0.19493639855820E+05  0.29120342427198E+04 -0.67456690290958E+03 -0.58992594782753E+03 -0.53594293619649E+02 -0.12442462676952E+01 -0.38218777387365E+04  0.46135997373649E+03 -0.33349924725318E+04 -0.18522169347949E+04  0.87375424108106E+05  0.16562399108693E+04  0.49908375924261E+03  0.17595315651423E+03 -0.26208222721681E+03 -0.13431818222308E+04  0.40072904958415E+04  0.27044366543326E+04  0.18541946290707E+04  0.72753622987509E+03  0.10875907652854E+05  0.22502183091806E+05  0.15118148773375E+04  0.33743326014131E+04  0.42966651278178E+02  0.56060526881308E+03  0.10654181689934E+04  0.12415158592490E+03  0.55288945835387E+02  0.30629561487130E+04  0.42908033524545E+03  0.27876963167036E+04  0.35028870916175E+04  0.22465299100625E+04  0.56075195411663E+04  0.65397088769309E+03  0.25309833962524E+04  0.94061728005412E+02  0.11831827705899E+03  0.23800529311198E+04  0.29933597172264E+04
   0.10179130046442E+05 -0.14205358064164E+04  0.35448085627958E+03  0.39373076402315E+04 -0.45190010598719E+03  0.11242411028575E+04  0.71300047803574E+03  0.26641461356367E+05 -0.65776560059819E+04 -0.67456690290958E+03  0.18574813611158E+03  0.17483209159971E+03  0.13096528121699E+02  0.47916231383201E+00  0.12573629309353E+04 -0.14032208246695E+03  0.10586512752848E+04  0.57217429617541E+03 -0.97558996489012E+04 -0.29980973344525E+03 -0.72579349539457E+02 -0.22304092060424E+02  0.63435329108264E+02  0.30527802511278E+03 -0.49038901343236E+03 -0.48601565903895E+03 -0.36200764172828E+03 -0.34391556520242E+03 -0.20941605529521E+04 -0.41501076806126E+04 -0.44449051120139E+03 -0.10091974740741E+04 -0.11285917447175E+02 -0.48817930805837E+02 -0.95941302088271E+02 -0.13352752364214E+02 -0.62990440825557E+01 -0.11580628775660E+04 -0.67735616485552E+02 -0.84401420797337E+03 -0.10421662986156E+04 -0.27308971915938E+03 -0.64605506407506E+03 -0.94108835526933E+02 -0.28604383483149E+03 -0.16767599218109E+02 -0.21135437005306E+02 -0.29871630540705E+03 -0.38204492128251E+03
   0.13766656409648E+05 -0.10983992974949E+04  0.40741605351931E+03 -0.13112109880516E+04 -0.16582548002775E+02 -0.66535199612947E+03 -0.21506051223161E+03  0.23015026289704E+05 -0.48870914270841E+04 -0.58992594782753E+03  0.17483209159971E+03  0.12644483500222E+04  0.85440426598184E+02 -0.12458938197623E+01  0.12314261878347E+04 -0.17637233339486E+03  0.13074382451420E+04  0.75768365197705E+03 -0.55332757389857E+04  0.23296739455399E+03  0.22611755343866E+02  0.18512067092752E+00  0.49373886377848E+02  0.26895884995798E+03 -0.67325121066598E+02 -0.10064244286743E+04 -0.17203490512414E-10 -0.60719313857791E+03 -0.44636369583851E+04 -0.51628855903308E-09 -0.20481787026981E+04 -0.63749874681298E+02 -0.69079225865888E+02 -0.17266867673442E+00  0.15002610051287E-09 -0.15222013545585E+01 -0.65520912963221E+00  0.23261549007110E+03  0.27494130394850E+03 -0.23877920467606E+04  0.12287310645887E-09 -0.64925427528711E+02  0.23882958331137E-09 -0.26352611715260E-10 -0.22674494669622E+02 -0.28329607054403E+02  0.00000000000000E+00 -0.56660646294548E+02  0.39797866778896E-10
   0.15959272657574E+04 -0.13433961439808E+03  0.54042652987392E+02 -0.13361934678186E+03  0.37181943924796E+01 -0.61946421368045E+02 -0.24008780788292E+02  0.15895053223038E+04 -0.27608420306131E+03 -0.53594293619649E+02  0.13096528121699E+02  0.85440426598184E+02  0.77888386768982E+01 -0.13245455794703E+00  0.69808515250039E+02 -0.11983286701184E+02  0.78168621126601E+02  0.49273106037421E+02 -0.28379954588541E+03  0.12526844178860E+02  0.16415410387612E+01  0.23459772509854E-01  0.67839486916882E+01  0.31922852717793E+02 -0.15897159484745E+02 -0.14723959309813E+03 -0.35909254484004E-11 -0.24324421806504E+02 -0.52430396221230E+03 -0.34624443787631E-10 -0.13024149350472E+03 -0.16594500685590E+02 -0.56485052163841E+01 -0.12242924660001E+00  0.40422890599484E-11 -0.16122729075627E+00 -0.63051709693301E-01  0.24103734346854E+02  0.61164674039961E+02 -0.17433772396914E+03  0.99766489495419E-11 -0.22244265851963E+02  0.76626734881683E-11 -0.34622746008691E-11 -0.98834878314259E+01 -0.49343929877000E+01  0.36583717590395E-12 -0.20829779638109E+02  0.75658647362929E-11
  -0.88992649182067E+02  0.10795561968838E+02 -0.36316912049349E+01  0.44995103902096E+02 -0.39801990126408E+01  0.15824748873297E+02  0.82171399654515E+01  0.66898627228008E+02 -0.80412647414305E+01 -0.12442462676952E+01  0.47916231383201E+00 -0.12458938197623E+01 -0.13245455794703E+00  0.29510042371875E-01  0.10537439434007E+02 -0.79823048448822E+00  0.65336844709883E+01  0.30688456383475E+01 -0.66002267917005E+02  0.10051598095971E+01 -0.34072696379320E-01 -0.15159949074077E-01 -0.66769181412055E-02 -0.12516857317407E-01  0.12083787570720E-01  0.44920720682908E-01 -0.32471342178782E-12 -0.38948621263588E+01 -0.29395138863380E+00 -0.24320905695960E-11 -0.16730108077040E+01 -0.16411223990438E-05 -0.83988515457423E-01 -0.78662891715467E-13  0.21583034962906E-13 -0.99855485979741E-03 -0.55310414953841E-03 -0.15165886124163E+01  0.28479199678876E-05 -0.15910486458873E+01  0.74113067966322E-12  0.74757722537013E-09  0.13913095586648E-12 -0.20633096569077E-12  0.20074215963127E-10 -0.35674776353538E-06  0.23001556657748E-13 -0.34309534215209E-09  0.23085324806810E-12
  -0.38759194463711E+04  0.31737201607876E+04 -0.87509425938779E+03  0.28687621449206E+05 -0.21338282750456E+04  0.96638211910781E+04  0.46492376232808E+04  0.80555970278576E+05  0.50562850508504E+05 -0.38218777387365E+04  0.12573629309353E+04  0.12314261878347E+04  0.69808515250039E+02  0.10537439434007E+02  0.50637200548583E+05 -0.48394877633563E+04  0.36522705110318E+05  0.19147721031222E+05 -0.43128550447146E+05  0.25915272215311E+03  0.13899610361850E+03  0.58550446085086E+02 -0.70726228899654E+02 -0.32399037235947E+03  0.19689790424241E+04 -0.28211671199046E+04 -0.18344787231761E+04 -0.25094654077201E+04  0.19851022153550E+04  0.43713424991291E+04 -0.15276354704348E+04 -0.30973375846045E+04 -0.73282002458647E+03  0.26698889029171E+03  0.47806843686285E+03 -0.29389314810747E+04 -0.15531960899275E+04 -0.22793946582585E+04  0.20449487622543E+03 -0.94218988395811E+03 -0.10584392312100E+04  0.82124695979647E+03  0.26265944872906E+04  0.41155036434248E+03  0.16283846622161E+04  0.53995039776043E+02  0.63839975186468E+02  0.15112871161853E+04  0.18544577733153E+04
   0.72576676341830E+03 -0.64698741884088E+03  0.11726428754708E+03 -0.32997749450030E+04  0.21596533885422E+03 -0.12129765744888E+04 -0.56360246404311E+03 -0.10251703523072E+05 -0.25800221589373E+04  0.46135997373649E+03 -0.14032208246695E+03 -0.17637233339486E+03 -0.11983286701184E+02 -0.79823048448822E+00 -0.48394877633563E+04  0.54014298499336E+03 -0.39506977800919E+04 -0.21598019047589E+04  0.32845292476872E+04 -0.43138952763768E+02 -0.27546427570156E+02 -0.12762997278696E+02 -0.64905498981205E-01  0.13581938068741E+02 -0.44283394358792E+03  0.53322569128355E+03  0.33212873992983E+03  0.29325879765564E+03 -0.15704417082662E+03 -0.50155272940838E+03  0.16182811043081E+03  0.32656238034350E+03  0.82913732117679E+02 -0.73610793342790E+02 -0.12993693701602E+03  0.46101849644923E+03  0.22644156410013E+03 -0.33829088116998E+03 -0.37105871586103E+02  0.26491213429643E+03  0.29688990368042E+03 -0.18260763584114E+03 -0.61989867945516E+03 -0.81077759612101E+02 -0.38509629103305E+03 -0.86158765416172E+01 -0.10315939754414E+02 -0.33063253684035E+03 -0.40259487549599E+03
   0.27732187298027E+04  0.14435939974870E+04 -0.49765022822576E+03  0.25267693855174E+05 -0.19158344463837E+04  0.83950907232220E+04  0.39797277186786E+04  0.81412404265368E+05  0.17573430600649E+05 -0.33349924725318E+04  0.10586512752848E+04  0.13074382451420E+04  0.78168621126601E+02  0.65336844709883E+01  0.36522705110318E+05 -0.39506977800919E+04  0.29732979789706E+05  0.16002132056678E+05 -0.43676778897486E+05  0.15138553322117E+03  0.97994569728815E+02  0.37203000457131E+02 -0.14418538316569E+03 -0.47628801224641E+03  0.12461810535040E+04 -0.25716006578318E+04 -0.16570557489115E+04 -0.25469773271801E+04  0.21806847352268E+04  0.45737605139067E+04 -0.12919639169092E+04 -0.26293296130365E+04 -0.61223295989333E+03  0.62704400341485E+02  0.12620962246091E+03 -0.25604179492939E+04 -0.13857176873664E+04  0.11729402695300E+04  0.22483702972479E+03 -0.16154079970946E+04 -0.17931423874453E+04  0.56540744970357E+03  0.14458732872113E+04  0.37279890519392E+03  0.86555145494039E+03  0.67292899450554E+02  0.77773113735495E+02  0.10575777194809E+04  0.13346830173128E+04
   0.46164092056809E+03  0.13854019419819E+04 -0.32521673686737E+03  0.13593937132120E+05 -0.97330834556874E+03  0.47320734954896E+04  0.22051660418243E+04  0.43409424932493E+05  0.87037198976126E+04 -0.18522169347949E+04  0.57217429617541E+03  0.75768365197705E+03  0.49273106037421E+02  0.30688456383475E+01  0.19147721031222E+05 -0.21598019047589E+04  0.16002132056678E+05  0.87416207003840E+04 -0.20752349214208E+05  0.11463039996081E+03  0.77271204080999E+02  0.32246241354178E+02 -0.70848824004028E+02 -0.22815606162822E+03  0.11291926948492E+04 -0.18374974274673E+04 -0.11496597621822E+04 -0.12825380447812E+04  0.10185347276302E+04  0.25100043749523E+04 -0.65654749793451E+03 -0.13368521346158E+04 -0.33849427337331E+03  0.10274001105785E+03  0.19138952516987E+03 -0.16673472549200E+04 -0.86422340580533E+03  0.13916459139711E+04  0.16041177808216E+03 -0.11399694256986E+04 -0.12668234329245E+04  0.50080715094469E+03  0.14335959333987E+04  0.29625152540654E+03  0.88166934250326E+03  0.41935010267776E+02  0.48930039247879E+02  0.93897440852637E+03  0.11656249339771E+04
  -0.11839592607551E+08  0.37510094560709E+07 -0.52119199950723E+06 -0.32011764965332E+07  0.71909221626779E+06 -0.99760385754345E+05 -0.38239588622997E+06 -0.95412625115660E+06  0.20480850388162E+05  0.87375424108106E+05 -0.97558996489012E+04 -0.55332757389857E+04 -0.28379954588541E+03 -0.66002267917005E+02 -0.43128550447146E+05  0.32845292476872E+04 -0.43676778897486E+05 -0.20752349214208E+05  0.46153467252152E+08  0.27289117342249E+06  0.13736920623113E+06  0.71334902574732E+05  0.98871680754645E+05  0.12371528407512E+06  0.89967776446386E+06  0.35590441010634E+05  0.79583316229933E+05 -0.13043451054201E+04  0.59373232122976E+06  0.29035230140499E+07  0.17536400604173E+05  0.33389346477350E+05  0.21053230851831E+03  0.19269689878044E+06  0.84153576018907E+06  0.25109183695373E+05  0.79101443915440E+04 -0.18976921381540E+05  0.47312528738734E+05  0.21525915118879E+05  0.67062228902503E+05  0.23164183965660E+06  0.15289687738089E+07  0.21337000544104E+04  0.21747336616397E+06  0.13548027846764E+04  0.41684155541036E+04  0.11355651047923E+06  0.35039670732597E+06
  -0.97710438820478E+05  0.24780599811383E+05 -0.41646938276958E+04 -0.28889681180847E+05  0.57009508675023E+04 -0.29493888849273E+04 -0.42568828291836E+04 -0.41569162927190E+05  0.98664452496705E+04  0.16562399108693E+04 -0.29980973344525E+03  0.23296739455399E+03  0.12526844178860E+02  0.10051598095971E+01  0.25915272215311E+03 -0.43138952763768E+02  0.15138553322117E+03  0.11463039996081E+03  0.27289117342249E+06  0.39888806721137E+04  0.14461355461010E+04  0.63864466716266E+03  0.29795044724412E+03 -0.26932578328189E+03  0.71814989726517E+04  0.00000000000000E+00  0.25969409685789E+04  0.00000000000000E+00  0.00000000000000E+00  0.41156028056701E+05  0.00000000000000E+00  0.00000000000000E+00  0.00000000000000E+00  0.00000000000000E+00  0.61624743427897E+04  0.00000000000000E+00  0.00000000000000E+00  0.00000000000000E+00 -0.16404161770643E+04  0.00000000000000E+00  0.41803950206101E+04  0.00000000000000E+00  0.16072850778342E+05  0.75136816327919E+03  0.00000000000000E+00  0.00000000000000E+00  0.14832374850733E+03  0.00000000000000E+00  0.57769438157027E+04
  -0.42906273580049E+05  0.12031534764003E+05 -0.18559877502790E+04 -0.11858480996081E+05  0.25248027247323E+04 -0.76437675112839E+03 -0.16094142777063E+04 -0.92069511092717E+04  0.17154555022609E+04  0.49908375924261E+03 -0.72579349539457E+02  0.22611755343866E+02  0.16415410387612E+01 -0.34072696379320E-01  0.13899610361850E+03 -0.27546427570156E+02  0.97994569728815E+02  0.77271204080999E+02  0.13736920623113E+06  0.14461355461010E+04  0.63264974914724E+03  0.30267632254707E+03  0.22876667826590E+03  0.14272351081163E+03  0.32297185554482E+04  0.00000000000000E+00  0.67530567691456E+03  0.00000000000000E+00  0.00000000000000E+00  0.15528319564772E+05  0.00000000000000E+00  0.00000000000000E+00  0.00000000000000E+00  0.00000000000000E+00  0.31264578344147E+04  0.00000000000000E+00  0.00000000000000E+00  0.00000000000000E+00 -0.51388505781641E+03  0.00000000000000E+00  0.87367607827891E+03  0.00000000000000E+00  0.71176066663554E+04  0.21687324220128E+03  0.00000000000000E+00  0.00000000000000E+00  0.45788967350073E+02  0.00000000000000E+00  0.22541579870527E+04
  -0.20357670632611E+05  0.61605731492572E+04 -0.88804937982297E+03 -0.51877930980206E+04  0.11603799528156E+04 -0.17124767918872E+03 -0.63577204618219E+03 -0.27249649426683E+04  0.43709261361501E+03  0.17595315651423E+03 -0.22304092060424E+02  0.18512067092752E+00  0.23459772509854E-01 -0.15159949074077E-01  0.58550446085086E+02 -0.12762997278696E+02  0.37203000457131E+02  0.32246241354178E+02  0.71334902574732E+05  0.63864466716266E+03  0.30267632254707E+03  0.15265719672127E+03  0.14286679152286E+03  0.14393765907387E+03  0.15351124498641E+04  0.00000000000000E+00  0.19783118285060E+03  0.00000000000000E+00  0.00000000000000E+00  0.67786792969526E+04  0.00000000000000E+00  0.00000000000000E+00  0.00000000000000E+00  0.00000000000000E+00  0.16282770006818E+04  0.00000000000000E+00  0.00000000000000E+00  0.00000000000000E+00 -0.16765027238096E+03  0.00000000000000E+00  0.26080640109158E+03  0.00000000000000E+00  0.32839367924307E+04  0.55770938184284E+02  0.00000000000000E+00  0.00000000000000E+00  0.15291014795835E+02  0.00000000000000E+00  0.90980332986699E+03
  -0.30273881941380E+05  0.12792385339220E+05 -0.14054550544307E+04 -0.25929627739586E+04  0.10067517207239E+04  0.10414435492835E+04  0.16820657932289E+03  0.85516803816739E+04 -0.19868544286725E+04 -0.26208222721681E+03  0.63435329108264E+02  0.49373886377848E+02  0.67839486916882E+01 -0.66769181412055E-02 -0.70726228899654E+02 -0.64905498981205E-01 -0.14418538316569E+03 -0.70848824004028E+02  0.98871680754645E+05  0.29795044724412E+03  0.22876667826590E+03  0.14286679152286E+03  0.65181573266817E+03  0.12205283017052E+04  0.28070722070037E+04 -0.51198823412686E+02 -0.29465538439074E+02  0.27170965678721E+01  0.51985109831909E+03 -0.10863001977064E+03  0.00000000000000E+00  0.00000000000000E+00  0.00000000000000E+00  0.22644181095279E+04  0.27995753456161E+04  0.00000000000000E+00  0.00000000000000E+00  0.00000000000000E+00 -0.26037320659729E+02 -0.38417005628098E+03 -0.39907140623698E+03  0.14436599459178E+04  0.36569078387480E+04 -0.43436100139141E+03  0.15911233825640E+04 -0.41858426538972E+02 -0.38777735075423E+02 -0.18426933105212E+03 -0.11339888707237E+03
  -0.20043781609575E+05  0.15187785593478E+05 -0.11601347850431E+04  0.23721447670132E+04  0.74461167551962E+03  0.34142551012498E+04  0.15743124185470E+04  0.42043294406275E+05 -0.10120240170887E+05 -0.13431818222308E+04  0.30527802511278E+03  0.26895884995798E+03  0.31922852717793E+02 -0.12516857317407E-01 -0.32399037235947E+03  0.13581938068741E+02 -0.47628801224641E+03 -0.22815606162822E+03  0.12371528407512E+06 -0.26932578328189E+03  0.14272351081163E+03  0.14393765907387E+03  0.12205283017052E+04  0.29956281290810E+04  0.28914414526703E+04 -0.16456547457657E+03 -0.11107913487322E+03 -0.46031963317647E+02 -0.67749361601023E+04 -0.11830348860409E+05  0.00000000000000E+00  0.00000000000000E+00  0.00000000000000E+00  0.32382036121780E+04  0.38886466676477E+04  0.00000000000000E+00  0.00000000000000E+00  0.00000000000000E+00 -0.40349381504768E+02 -0.21637160172201E+04 -0.22336045949119E+04  0.12255691182909E+04  0.44642745628268E+04 -0.11194019731644E+04  0.23350298673066E+04 -0.15941409742132E+03 -0.15348020039313E+03 -0.12069217808832E+04 -0.12617470598360E+04
  -0.47239442267589E+06  0.12664834813762E+06 -0.20519436681303E+05 -0.83603587865259E+05  0.18386437429605E+05 -0.43632886207332E+04 -0.11309317987106E+05 -0.59204431338502E+05  0.89950338868384E+04  0.40072904958415E+04 -0.49038901343236E+03 -0.67325121066598E+02 -0.15897159484745E+02  0.12083787570720E-01  0.19689790424241E+04 -0.44283394358792E+03  0.12461810535040E+04  0.11291926948492E+04  0.89967776446386E+06  0.71814989726517E+04  0.32297185554482E+04  0.15351124498641E+04  0.28070722070037E+04  0.28914414526703E+04  0.41091269824077E+05  0.25792061292958E+03  0.13405860784218E+03 -0.67121581068448E+01  0.38802674644087E+05  0.62992036414428E+05  0.00000000000000E+00  0.00000000000000E+00  0.00000000000000E+00  0.16466513652896E+05  0.20716587816248E+05  0.00000000000000E+00  0.00000000000000E+00  0.00000000000000E+00 -0.79933719988752E+02  0.15972723549519E+04  0.16311613277432E+04  0.21128620576622E+05  0.52406277408197E+05  0.18709076292367E+04  0.34003238106027E+05  0.34747630984001E+03  0.35048485423151E+03  0.20947634476308E+05  0.20384588764674E+05
  -0.12958153362666E+06  0.16698205374962E+05 -0.51227781385591E+04 -0.12732640145718E+05  0.19928570673755E+04 -0.29876373144258E+04 -0.26024354989895E+04 -0.60716930657450E+05  0.11306298830113E+05  0.27044366543326E+04 -0.48601565903895E+03 -0.10064244286743E+04 -0.14723959309813E+03  0.44920720682908E-01 -0.28211671199046E+04  0.53322569128355E+03 -0.25716006578318E+04 -0.18374974274673E+04  0.35590441010634E+05  0.00000000000000E+00  0.00000000000000E+00  0.00000000000000E+00 -0.51198823412686E+02 -0.16456547457657E+03  0.25792061292958E+03  0.11700808935959E+06  0.00000000000000E+00  0.00000000000000E+00  0.00000000000000E+00  0.00000000000000E+00  0.00000000000000E+00  0.00000000000000E+00  0.00000000000000E+00  0.00000000000000E+00  0.00000000000000E+00  0.00000000000000E+00  0.00000000000000E+00  0.00000000000000E+00  0.00000000000000E+00  0.00000000000000E+00  0.00000000000000E+00  0.00000000000000E+00  0.00000000000000E+00  0.00000000000000E+00  0.00000000000000E+00  0.00000000000000E+00  0.00000000000000E+00  0.00000000000000E+00  0.00000000000000E+00
  -0.54815742908207E+05  0.82630842160994E+04 -0.21781736788148E+04 -0.21092035775932E+05  0.33686645763175E+04 -0.45707524673297E+04 -0.40826182207708E+04 -0.48174547877325E+05  0.10556067930686E+05  0.18541946290707E+04 -0.36200764172828E+03 -0.17203490512414E-10 -0.35909254484004E-11 -0.32471342178782E-12 -0.18344787231761E+04  0.33212873992983E+03 -0.16570557489115E+04 -0.11496597621822E+04  0.79583316229933E+05  0.25969409685789E+04  0.67530567691456E+03  0.19783118285060E+03 -0.29465538439074E+02 -0.11107913487322E+03  0.13405860784218E+03  0.00000000000000E+00  0.64649060784245E+05  0.00000000000000E+00  0.00000000000000E+00  0.00000000000000E+00  0.00000000000000E+00  0.00000000000000E+00  0.00000000000000E+00  0.00000000000000E+00  0.00000000000000E+00  0.00000000000000E+00  0.00000000000000E+00  0.00000000000000E+00  0.00000000000000E+00  0.00000000000000E+00  0.00000000000000E+00  0.00000000000000E+00  0.00000000000000E+00  0.00000000000000E+00  0.00000000000000E+00  0.00000000000000E+00  0.00000000000000E+00  0.00000000000000E+00  0.00000000000000E+00
  -0.47889133599925E+04 -0.22354138238974E+03  0.35843381906876E+02 -0.53840549693319E+02 -0.58769807842216E+02  0.17178821436904E+03  0.14665396849157E+03 -0.67942443006846E+05  0.24233054587342E+05  0.72753622987509E+03 -0.34391556520242E+03 -0.60719313857791E+03 -0.24324421806504E+02 -0.38948621263588E+01 -0.25094654077201E+04  0.29325879765564E+03 -0.25469773271801E+04 -0.12825380447812E+04 -0.13043451054201E+04  0.00000000000000E+00  0.00000000000000E+00  0.00000000000000E+00  0.27170965678721E+01 -0.46031963317647E+02 -0.67121581068448E+01  0.00000000000000E+00  0.00000000000000E+00  0.30824419409834E+05  0.00000000000000E+00  0.00000000000000E+00  0.00000000000000E+00  0.00000000000000E+00  0.00000000000000E+00  0.00000000000000E+00  0.00000000000000E+00  0.00000000000000E+00  0.00000000000000E+00  0.00000000000000E+00  0.00000000000000E+00  0.00000000000000E+00  0.00000000000000E+00  0.00000000000000E+00  0.00000000000000E+00  0.00000000000000E+00  0.00000000000000E+00  0.00000000000000E+00  0.00000000000000E+00  0.00000000000000E+00  0.00000000000000E+00
  -0.85675339101524E+06  0.21074599360197E+06 -0.35618069528012E+05 -0.66086741262786E+05  0.12020582583298E+05 -0.95448403392068E+04 -0.10590166345782E+05 -0.28492719609464E+06  0.65823798406276E+05  0.10875907652854E+05 -0.20941605529521E+04 -0.44636369583851E+04 -0.52430396221230E+03 -0.29395138863380E+00  0.19851022153550E+04 -0.15704417082662E+03  0.21806847352268E+04  0.10185347276302E+04  0.59373232122976E+06  0.00000000000000E+00  0.00000000000000E+00  0.00000000000000E+00  0.51985109831909E+03 -0.67749361601023E+04  0.38802674644087E+05  0.00000000000000E+00  0.00000000000000E+00  0.00000000000000E+00  0.58380744414077E+06  0.00000000000000E+00  0.00000000000000E+00  0.00000000000000E+00  0.00000000000000E+00  0.00000000000000E+00  0.00000000000000E+00  0.00000000000000E+00  0.00000000000000E+00  0.00000000000000E+00  0.00000000000000E+00  0.00000000000000E+00  0.00000000000000E+00  0.00000000000000E+00  0.00000000000000E+00  0.00000000000000E+00  0.00000000000000E+00  0.00000000000000E+00  0.00000000000000E+00  0.00000000000000E+00  0.00000000000000E+00
  -0.11059391684919E+07  0.26577141696500E+06 -0.46232836470599E+05 -0.34105891006624E+06  0.63354953280658E+05 -0.46654604442692E+05 -0.55005791878190E+05 -0.55721952865632E+06  0.12445734752848E+06  0.22502183091806E+05 -0.41501076806126E+04 -0.51628855903308E-09 -0.34624443787631E-10 -0.24320905695960E-11  0.43713424991291E+04 -0.50155272940838E+03  0.45737605139067E+04  0.25100043749523E+04  0.29035230140499E+07  0.41156028056701E+05  0.15528319564772E+05  0.67786792969526E+04 -0.10863001977064E+03 -0.11830348860409E+05  0.62992036414428E+05  0.00000000000000E+00  0.00000000000000E+00  0.00000000000000E+00  0.00000000000000E+00  0.92299748906567E+06  0.00000000000000E+00  0.00000000000000E+00  0.00000000000000E+00  0.00000000000000E+00  0.00000000000000E+00  0.00000000000000E+00  0.00000000000000E+00  0.00000000000000E+00  0.00000000000000E+00  0.00000000000000E+00  0.00000000000000E+00  0.00000000000000E+00  0.00000000000000E+00  0.00000000000000E+00  0.00000000000000E+00  0.00000000000000E+00  0.00000000000000E+00  0.00000000000000E+00  0.00000000000000E+00
  -0.20898794259291E+05  0.58047499898727E+04 -0.90666163886793E+03 -0.13218685106875E+04  0.31952900704349E+03 -0.26099140984918E+01 -0.16601600804091E+03 -0.73187905084281E+05  0.23075588012153E+05  0.15118148773375E+04 -0.44449051120139E+03 -0.20481787026981E+04 -0.13024149350472E+03 -0.16730108077040E+01 -0.15276354704348E+04  0.16182811043081E+03 -0.12919639169092E+04 -0.65654749793451E+03  0.17536400604173E+05  0.00000000000000E+00  0.00000000000000E+00  0.00000000000000E+00  0.00000000000000E+00  0.00000000000000E+00  0.00000000000000E+00  0.00000000000000E+00  0.00000000000000E+00  0.00000000000000E+00  0.00000000000000E+00  0.00000000000000E+00  0.14645253134372E+05  0.00000000000000E+00  0.00000000000000E+00  0.00000000000000E+00  0.00000000000000E+00  0.00000000000000E+00  0.00000000000000E+00  0.00000000000000E+00  0.00000000000000E+00  0.00000000000000E+00  0.00000000000000E+00  0.00000000000000E+00  0.00000000000000E+00  0.00000000000000E+00  0.00000000000000E+00  0.00000000000000E+00  0.00000000000000E+00  0.00000000000000E+00  0.00000000000000E+00
  -0.47747699614455E+05  0.13446754785088E+05 -0.20808155239507E+04 -0.25078444367288E+04  0.58433023020361E+03 -0.40279039344815E+02 -0.30610086617977E+03 -0.16608722925438E+06  0.52430094188352E+05  0.33743326014131E+04 -0.10091974740741E+04 -0.63749874681298E+02 -0.16594500685590E+02 -0.16411223990438E-05 -0.30973375846045E+04  0.32656238034350E+03 -0.26293296130365E+04 -0.13368521346158E+04  0.33389346477350E+05  0.00000000000000E+00  0.00000000000000E+00  0.00000000000000E+00  0.00000000000000E+00  0.00000000000000E+00  0.00000000000000E+00  0.00000000000000E+00  0.00000000000000E+00  0.00000000000000E+00  0.00000000000000E+00  0.00000000000000E+00  0.00000000000000E+00  0.32887594667533E+05  0.00000000000000E+00  0.00000000000000E+00  0.00000000000000E+00  0.00000000000000E+00  0.00000000000000E+00  0.00000000000000E+00  0.00000000000000E+00  0.00000000000000E+00  0.00000000000000E+00  0.00000000000000E+00  0.00000000000000E+00  0.00000000000000E+00  0.00000000000000E+00  0.00000000000000E+00  0.00000000000000E+00  0.00000000000000E+00  0.00000000000000E+00
