# fitpack15: fit parameters                                                                         
# CJ15 AV18 final data choices                                                                      
# Created on 09/30/2019 at 15:59:32                                                                 

 # QCD setup
  INS                           0
  NVL                          11
  IORD                          1
  Q02                   1.6899999999999999     
  IPARAMC                       7
  FLAVOR                5.0000000000000000     
  xmc                   1.3000000000000000     
  xmb                   4.5000000000000000     
  ncb                          12
  ihq                           1
  ias                           0

 # Theory corrections
  inuke                     10114
  itmc                          1
  iht                           1

 # fit parameters
 LAMBDA       0.22680        0.0000    
 a0uv          2.0734        0.0000    
 a1uv         0.58085       0.22523E-01
 a2uv          3.5627       0.11676E-01
 a3uv          0.0000        0.0000    
 a4uv          4.2340       0.56330    
 a5uv          0.0000        0.0000    
 a0dv          24.596        0.0000    
 a1dv          1.1552       0.32679E-01
 a2dv          6.5743       0.16032    
 a3dv         -3.5087       0.85354E-01
 a4dv          4.6777       0.13903    
 a5dv          0.0000        0.0000    
 a0ud         0.14365       0.49942E-02
 a1ud        -0.20954       0.37811E-02
 a2ud          8.4089       0.19103    
 a3ud          0.0000        0.0000    
 a4ud          14.734        1.2477    
 a5ud          0.0000        0.0000    
 a0du          35712.        0.0000    
 a1du          4.1188       0.10425    
 a2du          20.764        1.0923    
 a3du          17.000        0.0000    
 a4du          59.872        16.166    
 a0g           44.630        0.0000    
 a1g          0.59907       0.30321E-01
 a2g           6.1160       0.86408    
 a3g          -3.3578       0.12571    
 a4g           3.2433       0.29705    
 a5g           0.0000        0.0000    
 kappa        0.40000        0.0000    
 a6dv        -0.38484E-02   0.71922E-03
 a7dv          2.0000        0.0000    
 off1        -0.14055       0.12207    
 off2         0.32876       0.74611    
 off3        -0.72073        1.0417    
 ht1          -3.8151       0.33562    
 ht2           2.0803       0.12017    
 ht3          -2.0966       0.28237E-01
 ht4           0.0000        0.0000    
 dummy41       0.0000        0.0000    
 dummy42       0.0000        0.0000    
 dummy43       0.0000        0.0000    
 dummy44       0.0000        0.0000    
 dummy45       0.0000        0.0000    
 dummy46       0.0000        0.0000    
 dummy47       0.0000        0.0000    
 dummy48       0.0000        0.0000    
 dummy49       0.0000        0.0000    
 bcdmsh2      0.96775       0.50584E-02
 bcdmsd2      0.99019       0.60503E-02
 ccfr          1.0000        0.0000    
 nutev         1.0000        0.0000    
 zeus         0.97998        0.0000    
 h1            1.0162        0.0000    
 e605          1.0319        0.0000    
 NmcH2         1.0043       0.72227E-02
 ntv_nu        1.0000        0.0000    
 ntv_nuba      1.0000        0.0000    
 cdf_jet      0.98910        0.0000    
 d0_jet       0.83504        0.0000    
 slac_p        1.0001       0.52300E-02
 slac_d        1.0004       0.57077E-02
 e866pp       0.96936       0.19668E-01
 e866pd       0.94414       0.17509E-01
 d0_gamje      1.0388       0.16511E-01
 h1b          0.97608        0.0000    
 blank         1.0000        0.0000    
 d0run2       0.95320       0.15066E-01
 cdfrun2      0.93847       0.17760E-01
 HERA_el       1.0000        0.0000    
 HERA_ps       1.0000        0.0000    
 CDF_Z        0.95339       0.68236E-02
 NmcRat        1.0000        0.0000    
 HERMES_F     0.99286       0.58827E-02
 HERMES_F     0.97648       0.61449E-02
 BNS_F2nd     0.97281       0.72611E-02
 END 0. 0.

 # Hessian matrix (Bevington alpha)
   0.43383886592093E+07 -0.10742381061027E+07  0.17345219866346E+06  0.38189993716283E+06 -0.99946137548502E+05 -0.21414298133052E+05  0.45815801079408E+05  0.91333371125189E+06 -0.17474922615083E+06 -0.45731606551877E+05  0.72134216543953E+04  0.13013156667863E+05  0.14298491835093E+04 -0.91172329761248E+02  0.10921266025404E+05 -0.27847017163478E+04  0.12909857833668E+05  0.96942839777682E+04 -0.58617320082935E+07 -0.56678546040030E+05 -0.24153626268148E+05 -0.11438912204124E+05 -0.94906889249895E+04  0.25828042384856E+04 -0.17314687216123E+06 -0.13123434528514E+06 -0.55562520572856E+05 -0.50206284706220E+04 -0.86624822822735E+06 -0.11209423656421E+07 -0.21107526861766E+05 -0.48345351500850E+05 -0.31527391548722E+04 -0.88782743330107E+04 -0.31382660455235E+04 -0.17996141437206E+05 -0.73868547565671E+05 -0.58187054725896E+05  0.17111336395386E+05
  -0.10742381061027E+07  0.33605881843296E+06 -0.44200590011262E+05 -0.10207335143769E+06  0.26368835107324E+05  0.81560920855899E+04 -0.91004926502150E+04 -0.11381361486970E+06  0.25395996284365E+05  0.64439386067775E+04 -0.84200202738752E+03 -0.10190894675012E+04 -0.11485716332148E+03  0.11023902307305E+02  0.41302356496545E+03  0.42485485780071E+02  0.22349942871920E+03  0.17913740496533E+02  0.19977976414909E+07  0.14085694797065E+05  0.69231287498201E+04  0.36353330555406E+04  0.51932071407202E+04  0.56127327862711E+04  0.49049332503133E+05  0.16768204048964E+05  0.82969227207263E+04 -0.21547745985841E+03  0.21183570238239E+06  0.26738720031669E+06  0.58129072236071E+04  0.13514060682346E+05  0.41787532798494E+03  0.23662222834106E+04  0.75045504073499E+03 -0.21962363571929E+04  0.87071468376810E+04  0.73223138643757E+04 -0.22989316799037E+04
   0.17345219866346E+06 -0.44200590011262E+05  0.70012791071226E+04  0.15152296395078E+05 -0.40746263564502E+04 -0.10980311006106E+04  0.17620869457818E+04  0.27128653124245E+05 -0.50850703995860E+04 -0.15980283205359E+04  0.21811567047219E+03  0.36699800805623E+03  0.45807900939854E+02 -0.35777838139427E+01 -0.25027242783285E+03 -0.28360410182091E+02 -0.13683270793791E+03  0.23366624349242E+02 -0.24299318185749E+06 -0.22486128728124E+04 -0.97769099017129E+03 -0.46812941899344E+03 -0.43014224971702E+03 -0.72856804324552E+02 -0.70604833235649E+04 -0.49295815810929E+04 -0.20950071601850E+04  0.28498844819273E+02 -0.34012817358560E+05 -0.44250952606356E+05 -0.86281901958730E+03 -0.19850379582471E+04 -0.10499201724260E+03 -0.35769364517606E+03 -0.12494222778816E+03 -0.54684178012965E+02 -0.23330300707602E+04 -0.18851808035879E+04  0.64919156969934E+03
   0.38189993716283E+06 -0.10207335143769E+06  0.15152296395078E+05  0.37820685219253E+06 -0.56930907314565E+05  0.77612558048363E+05  0.63257501558645E+05  0.33953649976575E+06 -0.24651636654255E+05 -0.17227951775040E+05  0.32084714123157E+04 -0.12896879428913E+04 -0.13751397265330E+03  0.46315264002945E+02  0.32321392043866E+05 -0.41816871096678E+04  0.30119440133533E+05  0.17174347858829E+05 -0.19047189919750E+07 -0.16848206945117E+05 -0.65937972604184E+04 -0.27876230469144E+04 -0.25001770304049E+03  0.39970288677085E+04 -0.31890008849405E+05 -0.12793854686261E+05 -0.21246974125777E+05 -0.60600974625653E+02 -0.66383324968840E+05 -0.34341015862528E+06 -0.13095124593476E+04 -0.25152085457413E+04 -0.66127140162022E+02 -0.23905947773146E+04 -0.93090269197621E+03 -0.10008744452350E+05 -0.72746381760046E+04 -0.21570153179375E+05 -0.16217226012155E+05
  -0.99946137548502E+05  0.26368835107324E+05 -0.40746263564502E+04 -0.56930907314565E+05  0.10190433858450E+05 -0.80684433273957E+04 -0.88962914681523E+04 -0.30399746884821E+05  0.18568581149383E+03  0.21693198929707E+04 -0.31505595787522E+03 -0.11403938619583E+02  0.50118356455682E+01 -0.40796488721616E+01 -0.27625897722248E+04  0.37299752220155E+03 -0.24709258568132E+04 -0.14448040394177E+04  0.40253160918838E+06  0.29860792170078E+04  0.13017940262890E+04  0.58747278829081E+03  0.24154041653684E+03 -0.10200632872005E+03  0.66298751579150E+04  0.19868860035875E+04  0.33604320555270E+04 -0.59091709475988E+02  0.11894987691327E+05  0.62861638670021E+05  0.31253282626251E+03  0.57745950909960E+03  0.83145102408466E+01  0.45468084387977E+03  0.16851212813822E+03  0.38681629272812E+03  0.81708122933995E+03  0.25232949774370E+04  0.25559258286664E+04
  -0.21414298133052E+05  0.81560920855899E+04 -0.10980311006106E+04  0.77612558048363E+05 -0.80684433273957E+04  0.25004228669369E+05  0.15112375189274E+05  0.10558195218201E+06 -0.93596703860319E+04 -0.45145105679662E+04  0.97860303828346E+03 -0.63121352902338E+03 -0.59722780976846E+02  0.15701424913535E+02  0.98477044009236E+04 -0.12919747124416E+04  0.93959774253439E+04  0.54068050544228E+04 -0.74897961477292E+05 -0.21725288024053E+04 -0.52318073151143E+03 -0.10120246991692E+03  0.56280390000265E+03  0.22506662405490E+04 -0.18895475828965E+04 -0.28390551499003E+04 -0.43557305672063E+04  0.15782486109402E+03 -0.89374305895460E+04 -0.43843026553669E+05  0.62458256096889E+01 -0.25366880051054E+02 -0.18101830541449E+02 -0.25469703577593E+03 -0.12937752951491E+03 -0.31776232297158E+04 -0.18823189948318E+04 -0.54250889500608E+04 -0.35119347441557E+04
   0.45815801079408E+05 -0.91004926502150E+04  0.17620869457818E+04  0.63257501558645E+05 -0.88962914681523E+04  0.15112375189274E+05  0.11495781699389E+05  0.57371798440741E+05 -0.28681625074492E+04 -0.31367721841865E+04  0.56202509137630E+03 -0.20806554614775E+03 -0.24293449562884E+02  0.81807557158406E+01  0.50960359984998E+04 -0.68712066415430E+03  0.46965648758356E+04  0.27525755822741E+04 -0.22061402885443E+06 -0.24806317610700E+04 -0.88164315148225E+03 -0.32426462781434E+03  0.21080565347855E+03  0.12363144592602E+04 -0.41934775589529E+04 -0.25011600682368E+04 -0.39330240694299E+04  0.14022010710034E+03 -0.10115992507819E+05 -0.52738952445108E+05 -0.15495668425963E+03 -0.28998673815351E+03 -0.12468289880589E+02 -0.35361454647437E+03 -0.14907966611113E+03 -0.13516068862824E+04 -0.11586063121822E+04 -0.34591195148151E+04 -0.32571742204662E+04
   0.91333371125189E+06 -0.11381361486970E+06  0.27128653124245E+05  0.33953649976575E+06 -0.30399746884821E+05  0.10558195218201E+06  0.57371798440741E+05  0.50893893706696E+07 -0.23341567224923E+07 -0.84209745029989E+05  0.25664265067090E+05  0.22394700854308E+05  0.15009625602898E+04  0.69650878529155E+02  0.83940574539665E+05 -0.11175096517923E+05  0.91648705741365E+05  0.49858647724899E+05 -0.48885260271019E+06 -0.35362398636165E+05 -0.68496714139827E+04 -0.18016960230951E+04  0.59055038732555E+04  0.33194182085534E+05 -0.26264282241458E+05 -0.61028487102037E+05 -0.48253149375324E+05 -0.68645762047315E+05 -0.28593650084595E+06 -0.55868270370557E+06 -0.73565642060888E+05 -0.16735853274030E+06 -0.13647506131151E+04  0.59537311200206E+03  0.40179303534516E+03 -0.26733055781534E+06 -0.14082518166606E+06 -0.17227035411002E+06 -0.83047484938739E+04
  -0.17474922615083E+06  0.25395996284365E+05 -0.50850703995860E+04 -0.24651636654255E+05  0.18568581149383E+03 -0.93596703860319E+04 -0.28681625074492E+04 -0.23341567224923E+07  0.19142710552222E+07  0.18536437189116E+05 -0.63795694448971E+04 -0.47640618552015E+04 -0.26255437204540E+03 -0.84936625331346E+01  0.51053262312035E+05 -0.26008382656777E+04  0.18831633988141E+05  0.94087000257530E+04 -0.34104971482651E+05  0.89302104362617E+04  0.13787305621941E+04  0.31151098991788E+03 -0.13629861535003E+04 -0.80469412533524E+04  0.42827332187710E+04  0.11271933933747E+05  0.10497858802803E+05  0.24355571327780E+05  0.65760172236124E+05  0.12427461571893E+06  0.23043321470229E+05  0.52527011019345E+05  0.18231618627296E+03 -0.13441002394325E+04 -0.73253095277844E+03  0.11180109991906E+06  0.44619693998230E+05  0.54089547459132E+05  0.15019817730455E+04
  -0.45731606551877E+05  0.64439386067775E+04 -0.15980283205359E+04 -0.17227951775040E+05  0.21693198929707E+04 -0.45145105679662E+04 -0.31367721841865E+04 -0.84209745029989E+05  0.18536437189116E+05  0.25198244787819E+04 -0.61392583861414E+03 -0.56099234275350E+03 -0.48996020195294E+02 -0.12742181181764E+01 -0.40443364359659E+04  0.51986889472077E+03 -0.38419294010406E+04 -0.21970799589253E+04  0.47961048119258E+05  0.11999901870771E+04  0.32040291533021E+03  0.10266218293091E+03 -0.19099857570507E+03 -0.10317913716265E+04  0.15788062276515E+04  0.26954045822006E+04  0.18408467873723E+04  0.72727941902309E+03  0.10778936419257E+05  0.22284094058098E+05  0.15036721497773E+04  0.33611666617143E+04  0.42884673071564E+02  0.11750759438667E+03  0.52639660789642E+02  0.30720189774846E+04  0.27929972702757E+04  0.34994342532627E+04  0.41812803625437E+03
   0.72134216543953E+04 -0.84200202738752E+03  0.21811567047219E+03  0.32084714123157E+04 -0.31505595787522E+03  0.97860303828346E+03  0.56202509137630E+03  0.25664265067090E+05 -0.63795694448971E+04 -0.61392583861414E+03  0.17404333347629E+03  0.16600820193984E+03  0.12051327769615E+02  0.48923305146914E+00  0.12719969777743E+04 -0.14733471843475E+03  0.11632031544299E+04  0.63868782894104E+03 -0.55816648180001E+04 -0.24226993309958E+03 -0.51552437239521E+02 -0.14161865999442E+02  0.42749185677657E+02  0.23442305780042E+03 -0.20956750103304E+03 -0.47757666776490E+03 -0.35459646841481E+03 -0.34120889669487E+03 -0.20532781609965E+04 -0.40640159087767E+04 -0.43797012703642E+03 -0.99615528169065E+03 -0.11131542467470E+02 -0.11762258323643E+02 -0.56298341899839E+01 -0.11502435943646E+04 -0.83630274307944E+03 -0.10303219930932E+04 -0.64831542899330E+02
   0.13013156667863E+05 -0.10190894675012E+04  0.36699800805623E+03 -0.12896879428913E+04 -0.11403938619583E+02 -0.63121352902338E+03 -0.20806554614775E+03  0.22394700854308E+05 -0.47640618552015E+04 -0.56099234275350E+03  0.16600820193984E+03  0.11798506880587E+04  0.78386825869715E+02 -0.11727591251314E+01  0.12095989110449E+04 -0.17605595595012E+03  0.14162259055342E+04  0.81837016579582E+03 -0.49937083636972E+04  0.22647596235774E+03  0.21831416820104E+02  0.18214776184166E+00  0.34476500753092E+02  0.21565396261013E+03 -0.43678256250556E+02 -0.94309089012358E+03 -0.46743685616308E-10 -0.59361734225471E+03 -0.42207592768081E+04  0.98552046242233E-10 -0.19760654239607E+04 -0.56148607354576E+02 -0.66413168221317E+02 -0.14284957516625E+01 -0.61913945867599E+00  0.22340735073771E+03 -0.23087001691039E+04 -0.75441917580358E-11  0.24766318225848E+03
   0.14298491835093E+04 -0.11485716332148E+03  0.45807900939854E+02 -0.13751397265330E+03  0.50118356455682E+01 -0.59722780976846E+02 -0.24293449562884E+02  0.15009625602898E+04 -0.26255437204540E+03 -0.48996020195294E+02  0.12051327769615E+02  0.78386825869715E+02  0.69760438204928E+01 -0.12850553060887E+00  0.68611686532938E+02 -0.11994468175455E+02  0.86826031628026E+02  0.54310991395606E+02 -0.23360295170605E+03  0.12108944991349E+02  0.15780135743601E+01  0.24526864858963E-01  0.44412098583981E+01  0.24531864343700E+02 -0.86833848785147E+01 -0.13579861584645E+03 -0.36611214776689E-11 -0.23441308988318E+02 -0.48611960188590E+03  0.17580881554156E-10 -0.12397802717458E+03 -0.14394228667300E+02 -0.53378448173699E+01 -0.14811303373140E+00 -0.58404472020606E-01  0.22816822742262E+02 -0.16634598725139E+03 -0.90049590646184E-11  0.54606876554494E+02
  -0.91172329761248E+02  0.11023902307305E+02 -0.35777838139427E+01  0.46315264002945E+02 -0.40796488721616E+01  0.15701424913535E+02  0.81807557158406E+01  0.69650878529155E+02 -0.84936625331346E+01 -0.12742181181764E+01  0.48923305146914E+00 -0.11727591251314E+01 -0.12850553060887E+00  0.31202239506513E-01  0.10923730429082E+02 -0.84051467092470E+00  0.71450752606548E+01  0.33898700878090E+01 -0.64158939489489E+02  0.10504383098756E+01 -0.33815064550454E-01 -0.15539568559967E-01 -0.61055516671923E-02 -0.18587592695619E-01  0.11351512760358E-01  0.47796906015230E-01 -0.33623491392304E-13 -0.41172007135884E+01 -0.33288047632077E+00  0.26754147775215E-11 -0.18053430698186E+01 -0.22778989778424E-05 -0.89116835519396E-01 -0.10449744801539E-02 -0.58007387390834E-03 -0.15617573568762E+01 -0.17320125053255E+01 -0.26023489865870E-12  0.42390889326719E-05
   0.10921266025404E+05  0.41302356496545E+03 -0.25027242783285E+03  0.32321392043866E+05 -0.27625897722248E+04  0.98477044009236E+04  0.50960359984998E+04  0.83940574539665E+05  0.51053262312035E+05 -0.40443364359659E+04  0.12719969777743E+04  0.12095989110449E+04  0.68611686532938E+02  0.10923730429082E+02  0.51276336269315E+05 -0.49906736068191E+04  0.39859450737221E+05  0.21071629327225E+05 -0.58605153765844E+05  0.18909539483600E+02  0.48895696344616E+02  0.22998651974321E+02 -0.34901788519672E+02 -0.17017060046971E+03  0.65599592361611E+03 -0.29662679708420E+04 -0.19273882338493E+04 -0.25183399835580E+04  0.19156883340137E+04  0.43000015634444E+04 -0.15418261335395E+04 -0.31408790777473E+04 -0.74115494114347E+03 -0.30309944338823E+04 -0.15875960020543E+04 -0.21848194866504E+04 -0.99231684693727E+03 -0.11182468122860E+04  0.20500321065089E+03
  -0.27847017163478E+04  0.42485485780071E+02 -0.28360410182091E+02 -0.41816871096678E+04  0.37299752220155E+03 -0.12919747124416E+04 -0.68712066415430E+03 -0.11175096517923E+05 -0.26008382656777E+04  0.51986889472077E+03 -0.14733471843475E+03 -0.17605595595012E+03 -0.11994468175455E+02 -0.84051467092470E+00 -0.49906736068191E+04  0.56853331771146E+03 -0.44365941404822E+04 -0.24404130422245E+04  0.78279777573569E+04  0.12918134122434E+02 -0.60798915306273E+01 -0.40679146283921E+01 -0.16656937677801E+01 -0.71094116390735E+01 -0.13486262357447E+03  0.57481120104270E+03  0.35861097976656E+03  0.29708229966730E+03 -0.13637900073141E+03 -0.47409356632993E+03  0.16758039966048E+03  0.33899687138620E+03  0.85609860355574E+02  0.49172913316886E+03  0.23850347573229E+03 -0.37823869901397E+03  0.28084314880206E+03  0.31575896654637E+03 -0.37125935950480E+02
   0.12909857833668E+05  0.22349942871920E+03 -0.13683270793791E+03  0.30119440133533E+05 -0.24709258568132E+04  0.93959774253439E+04  0.46965648758356E+04  0.91648705741365E+05  0.18831633988141E+05 -0.38419294010406E+04  0.11632031544299E+04  0.14162259055342E+04  0.86826031628026E+02  0.71450752606548E+01  0.39859450737221E+05 -0.44365941404822E+04  0.35414884812968E+05  0.19244401965657E+05 -0.52835766506629E+05 -0.27107007350344E+01  0.55755796026471E+02  0.23805414127817E+02 -0.78451281616993E+02 -0.29154850723226E+03  0.63309445299835E+03 -0.31283828982331E+04 -0.19929537151521E+04 -0.27124914411785E+04  0.22921944579056E+04  0.50942243245837E+04 -0.13771793417274E+04 -0.28178916001939E+04 -0.67577955596031E+03 -0.29590694634821E+04 -0.15802165230162E+04  0.17161841069129E+04 -0.19439108815766E+04 -0.21617970638318E+04  0.27770858948332E+03
   0.96942839777682E+04  0.17913740496533E+02  0.23366624349242E+02  0.17174347858829E+05 -0.14448040394177E+04  0.54068050544228E+04  0.27525755822741E+04  0.49858647724899E+05  0.94087000257530E+04 -0.21970799589253E+04  0.63868782894104E+03  0.81837016579582E+03  0.54310991395606E+02  0.33898700878090E+01  0.21071629327225E+05 -0.24404130422245E+04  0.19244401965657E+05  0.10598364452138E+05 -0.30702510437631E+05 -0.28846394485424E+02  0.32207128939860E+02  0.16326551234453E+02 -0.31594545352551E+02 -0.99818293472718E+02  0.48315972911273E+03 -0.22055334860915E+04 -0.13720733189035E+04 -0.13678823379658E+04  0.10420405642213E+04  0.27579647991298E+04 -0.70653812665289E+03 -0.14444190632644E+04 -0.37574747755228E+03 -0.19342306902049E+04 -0.98924990425283E+03  0.17621235264634E+04 -0.13366451937699E+04 -0.14888741718947E+04  0.19109987466585E+03
  -0.58617320082935E+07  0.19977976414909E+07 -0.24299318185749E+06 -0.19047189919750E+07  0.40253160918838E+06 -0.74897961477292E+05 -0.22061402885443E+06 -0.48885260271019E+06 -0.34104971482651E+05  0.47961048119258E+05 -0.55816648180001E+04 -0.49937083636972E+04 -0.23360295170605E+03 -0.64158939489489E+02 -0.58605153765844E+05  0.78279777573569E+04 -0.52835766506629E+05 -0.30702510437631E+05  0.27203098525378E+08  0.14348176439034E+06  0.74533463839133E+05  0.39827497536050E+05  0.38329218062249E+05  0.46099070586545E+05  0.34681420013479E+06  0.33675364321470E+05  0.75441965658731E+05 -0.12528510911299E+04  0.56416681101950E+06  0.27572997946064E+07  0.16485030779300E+05  0.31699056898876E+05  0.18779518485646E+03  0.23416373912009E+05  0.73822212511894E+04 -0.17584739978817E+05  0.20437310306087E+05  0.63582552642192E+05  0.45095183741426E+05
  -0.56678546040030E+05  0.14085694797065E+05 -0.22486128728124E+04 -0.16848206945117E+05  0.29860792170078E+04 -0.21725288024053E+04 -0.24806317610700E+04 -0.35362398636165E+05  0.89302104362617E+04  0.11999901870771E+04 -0.24226993309958E+03  0.22647596235774E+03  0.12108944991349E+02  0.10504383098756E+01  0.18909539483600E+02  0.12918134122434E+02 -0.27107007350344E+01 -0.28846394485424E+02  0.14348176439034E+06  0.27296697844788E+04  0.88667145763059E+03  0.37869436624351E+03  0.66501483850822E+02 -0.42776172416024E+03  0.30619072826917E+04  0.00000000000000E+00  0.26021401191505E+04  0.00000000000000E+00  0.00000000000000E+00  0.41234061572717E+05  0.00000000000000E+00  0.00000000000000E+00  0.00000000000000E+00  0.00000000000000E+00  0.00000000000000E+00  0.00000000000000E+00  0.00000000000000E+00  0.41873739359167E+04 -0.16438167594351E+04
  -0.24153626268148E+05  0.69231287498201E+04 -0.97769099017129E+03 -0.65937972604184E+04  0.13017940262890E+04 -0.52318073151143E+03 -0.88164315148225E+03 -0.68496714139827E+04  0.13787305621941E+04  0.32040291533021E+03 -0.51552437239521E+02  0.21831416820104E+02  0.15780135743601E+01 -0.33815064550454E-01  0.48895696344616E+02 -0.60798915306273E+01  0.55755796026471E+02  0.32207128939860E+02  0.74533463839133E+05  0.88667145763059E+03  0.37640188782265E+03  0.18041165849466E+03  0.83719132585270E+02 -0.82499643028307E+01  0.13668476770936E+04  0.00000000000000E+00  0.67619055056375E+03  0.00000000000000E+00  0.00000000000000E+00  0.15566675740872E+05  0.00000000000000E+00  0.00000000000000E+00  0.00000000000000E+00  0.00000000000000E+00  0.00000000000000E+00  0.00000000000000E+00  0.00000000000000E+00  0.87485807568095E+03 -0.51540879803417E+03
  -0.11438912204124E+05  0.36353330555406E+04 -0.46812941899344E+03 -0.27876230469144E+04  0.58747278829081E+03 -0.10120246991692E+03 -0.32426462781434E+03 -0.18016960230951E+04  0.31151098991788E+03  0.10266218293091E+03 -0.14161865999442E+02  0.18214776184166E+00  0.24526864858963E-01 -0.15539568559967E-01  0.22998651974321E+02 -0.40679146283921E+01  0.23805414127817E+02  0.16326551234453E+02  0.39827497536050E+05  0.37869436624351E+03  0.18041165849466E+03  0.92978963156337E+02  0.59199374096291E+02  0.45782635021337E+02  0.65797497352045E+03  0.00000000000000E+00  0.19786930791207E+03  0.00000000000000E+00  0.00000000000000E+00  0.68017408166844E+04  0.00000000000000E+00  0.00000000000000E+00  0.00000000000000E+00  0.00000000000000E+00  0.00000000000000E+00  0.00000000000000E+00  0.00000000000000E+00  0.26114124601108E+03 -0.16840248751325E+03
  -0.94906889249895E+04  0.51932071407202E+04 -0.43014224971702E+03 -0.25001770304049E+03  0.24154041653684E+03  0.56280390000265E+03  0.21080565347855E+03  0.59055038732555E+04 -0.13629861535003E+04 -0.19099857570507E+03  0.42749185677657E+02  0.34476500753092E+02  0.44412098583981E+01 -0.61055516671923E-02 -0.34901788519672E+02 -0.16656937677801E+01 -0.78451281616993E+02 -0.31594545352551E+02  0.38329218062249E+05  0.66501483850822E+02  0.83719132585270E+02  0.59199374096291E+02  0.21235718270941E+03  0.46365267872910E+03  0.79266439992587E+03 -0.43059700512892E+02 -0.24353174643310E+02  0.42997893287059E+01  0.10830944496688E+04  0.80454443581261E+03  0.00000000000000E+00  0.00000000000000E+00  0.00000000000000E+00  0.00000000000000E+00  0.00000000000000E+00  0.00000000000000E+00 -0.29127059141039E+03 -0.30407002240135E+03 -0.24688973183461E+02
   0.25828042384856E+04  0.56127327862711E+04 -0.72856804324552E+02  0.39970288677085E+04 -0.10200632872005E+03  0.22506662405490E+04  0.12363144592602E+04  0.33194182085534E+05 -0.80469412533524E+04 -0.10317913716265E+04  0.23442305780042E+03  0.21565396261013E+03  0.24531864343700E+02 -0.18587592695619E-01 -0.17017060046971E+03 -0.71094116390735E+01 -0.29154850723226E+03 -0.99818293472718E+02  0.46099070586545E+05 -0.42776172416024E+03 -0.82499643028307E+01  0.45782635021337E+02  0.46365267872910E+03  0.14938283470430E+04  0.56988806131105E+03 -0.15239466056714E+03 -0.10082652153801E+03 -0.21706074050043E+02 -0.51276992490845E+04 -0.93646989352888E+04  0.00000000000000E+00  0.00000000000000E+00  0.00000000000000E+00  0.00000000000000E+00  0.00000000000000E+00  0.00000000000000E+00 -0.18731547562093E+04 -0.19379847211414E+04 -0.43079746484838E+02
  -0.17314687216123E+06  0.49049332503133E+05 -0.70604833235649E+04 -0.31890008849405E+05  0.66298751579150E+04 -0.18895475828965E+04 -0.41934775589529E+04 -0.26264282241458E+05  0.42827332187710E+04  0.15788062276515E+04 -0.20956750103304E+03 -0.43678256250556E+02 -0.86833848785147E+01  0.11351512760358E-01  0.65599592361611E+03 -0.13486262357447E+03  0.63309445299835E+03  0.48315972911273E+03  0.34681420013479E+06  0.30619072826917E+04  0.13668476770936E+04  0.65797497352045E+03  0.79266439992587E+03  0.56988806131105E+03  0.12087466595391E+05  0.25453548464422E+03  0.13202915472020E+03 -0.52031214862208E+01  0.39917291255656E+05  0.64552562019205E+05  0.00000000000000E+00  0.00000000000000E+00  0.00000000000000E+00  0.00000000000000E+00  0.00000000000000E+00  0.00000000000000E+00  0.15863671202744E+04  0.16164606265325E+04 -0.84993306608606E+02
  -0.13123434528514E+06  0.16768204048964E+05 -0.49295815810929E+04 -0.12793854686261E+05  0.19868860035875E+04 -0.28390551499003E+04 -0.25011600682368E+04 -0.61028487102037E+05  0.11271933933747E+05  0.26954045822006E+04 -0.47757666776490E+03 -0.94309089012358E+03 -0.13579861584645E+03  0.47796906015230E-01 -0.29662679708420E+04  0.57481120104270E+03 -0.31283828982331E+04 -0.22055334860915E+04  0.33675364321470E+05  0.00000000000000E+00  0.00000000000000E+00  0.00000000000000E+00 -0.43059700512892E+02 -0.15239466056714E+03  0.25453548464422E+03  0.11750134823796E+06  0.00000000000000E+00  0.00000000000000E+00  0.00000000000000E+00  0.00000000000000E+00  0.00000000000000E+00  0.00000000000000E+00  0.00000000000000E+00  0.00000000000000E+00  0.00000000000000E+00  0.00000000000000E+00  0.00000000000000E+00  0.00000000000000E+00  0.00000000000000E+00
  -0.55562520572856E+05  0.82969227207263E+04 -0.20950071601850E+04 -0.21246974125777E+05  0.33604320555270E+04 -0.43557305672063E+04 -0.39330240694299E+04 -0.48253149375324E+05  0.10497858802803E+05  0.18408467873723E+04 -0.35459646841481E+03 -0.46743685616308E-10 -0.36611214776689E-11 -0.33623491392304E-13 -0.19273882338493E+04  0.35861097976656E+03 -0.19929537151521E+04 -0.13720733189035E+04  0.75441965658731E+05  0.26021401191505E+04  0.67619055056375E+03  0.19786930791207E+03 -0.24353174643310E+02 -0.10082652153801E+03  0.13202915472020E+03  0.00000000000000E+00  0.64980287649144E+05  0.00000000000000E+00  0.00000000000000E+00  0.00000000000000E+00  0.00000000000000E+00  0.00000000000000E+00  0.00000000000000E+00  0.00000000000000E+00  0.00000000000000E+00  0.00000000000000E+00  0.00000000000000E+00  0.00000000000000E+00  0.00000000000000E+00
  -0.50206284706220E+04 -0.21547745985841E+03  0.28498844819273E+02 -0.60600974625653E+02 -0.59091709475988E+02  0.15782486109402E+03  0.14022010710034E+03 -0.68645762047315E+05  0.24355571327780E+05  0.72727941902309E+03 -0.34120889669487E+03 -0.59361734225471E+03 -0.23441308988318E+02 -0.41172007135884E+01 -0.25183399835580E+04  0.29708229966730E+03 -0.27124914411785E+04 -0.13678823379658E+04 -0.12528510911299E+04  0.00000000000000E+00  0.00000000000000E+00  0.00000000000000E+00  0.42997893287059E+01 -0.21706074050043E+02 -0.52031214862208E+01  0.00000000000000E+00  0.00000000000000E+00  0.30903603536171E+05  0.00000000000000E+00  0.00000000000000E+00  0.00000000000000E+00  0.00000000000000E+00  0.00000000000000E+00  0.00000000000000E+00  0.00000000000000E+00  0.00000000000000E+00  0.00000000000000E+00  0.00000000000000E+00  0.00000000000000E+00
  -0.86624822822735E+06  0.21183570238239E+06 -0.34012817358560E+05 -0.66383324968840E+05  0.11894987691327E+05 -0.89374305895460E+04 -0.10115992507819E+05 -0.28593650084595E+06  0.65760172236124E+05  0.10778936419257E+05 -0.20532781609965E+04 -0.42207592768081E+04 -0.48611960188590E+03 -0.33288047632077E+00  0.19156883340137E+04 -0.13637900073141E+03  0.22921944579056E+04  0.10420405642213E+04  0.56416681101950E+06  0.00000000000000E+00  0.00000000000000E+00  0.00000000000000E+00  0.10830944496688E+04 -0.51276992490845E+04  0.39917291255656E+05  0.00000000000000E+00  0.00000000000000E+00  0.00000000000000E+00  0.58292908175770E+06  0.00000000000000E+00  0.00000000000000E+00  0.00000000000000E+00  0.00000000000000E+00  0.00000000000000E+00  0.00000000000000E+00  0.00000000000000E+00  0.00000000000000E+00  0.00000000000000E+00  0.00000000000000E+00
  -0.11209423656421E+07  0.26738720031669E+06 -0.44250952606356E+05 -0.34341015862528E+06  0.62861638670021E+05 -0.43843026553669E+05 -0.52738952445108E+05 -0.55868270370557E+06  0.12427461571893E+06  0.22284094058098E+05 -0.40640159087767E+04  0.98552046242233E-10  0.17580881554156E-10  0.26754147775215E-11  0.43000015634444E+04 -0.47409356632993E+03  0.50942243245837E+04  0.27579647991298E+04  0.27572997946064E+07  0.41234061572717E+05  0.15566675740872E+05  0.68017408166844E+04  0.80454443581261E+03 -0.93646989352888E+04  0.64552562019205E+05  0.00000000000000E+00  0.00000000000000E+00  0.00000000000000E+00  0.00000000000000E+00  0.92511482619091E+06  0.00000000000000E+00  0.00000000000000E+00  0.00000000000000E+00  0.00000000000000E+00  0.00000000000000E+00  0.00000000000000E+00  0.00000000000000E+00  0.00000000000000E+00  0.00000000000000E+00
  -0.21107526861766E+05  0.58129072236071E+04 -0.86281901958730E+03 -0.13095124593476E+04  0.31253282626251E+03  0.62458256096889E+01 -0.15495668425963E+03 -0.73565642060888E+05  0.23043321470229E+05  0.15036721497773E+04 -0.43797012703642E+03 -0.19760654239607E+04 -0.12397802717458E+03 -0.18053430698186E+01 -0.15418261335395E+04  0.16758039966048E+03 -0.13771793417274E+04 -0.70653812665289E+03  0.16485030779300E+05  0.00000000000000E+00  0.00000000000000E+00  0.00000000000000E+00  0.00000000000000E+00  0.00000000000000E+00  0.00000000000000E+00  0.00000000000000E+00  0.00000000000000E+00  0.00000000000000E+00  0.00000000000000E+00  0.00000000000000E+00  0.14647921257508E+05  0.00000000000000E+00  0.00000000000000E+00  0.00000000000000E+00  0.00000000000000E+00  0.00000000000000E+00  0.00000000000000E+00  0.00000000000000E+00  0.00000000000000E+00
  -0.48345351500850E+05  0.13514060682346E+05 -0.19850379582471E+04 -0.25152085457413E+04  0.57745950909960E+03 -0.25366880051054E+02 -0.28998673815351E+03 -0.16735853274030E+06  0.52527011019345E+05  0.33611666617143E+04 -0.99615528169065E+03 -0.56148607354576E+02 -0.14394228667300E+02 -0.22778989778424E-05 -0.31408790777473E+04  0.33899687138620E+03 -0.28178916001939E+04 -0.14444190632644E+04  0.31699056898876E+05  0.00000000000000E+00  0.00000000000000E+00  0.00000000000000E+00  0.00000000000000E+00  0.00000000000000E+00  0.00000000000000E+00  0.00000000000000E+00  0.00000000000000E+00  0.00000000000000E+00  0.00000000000000E+00  0.00000000000000E+00  0.00000000000000E+00  0.33107044527376E+05  0.00000000000000E+00  0.00000000000000E+00  0.00000000000000E+00  0.00000000000000E+00  0.00000000000000E+00  0.00000000000000E+00  0.00000000000000E+00
  -0.31527391548722E+04  0.41787532798494E+03 -0.10499201724260E+03 -0.66127140162022E+02  0.83145102408466E+01 -0.18101830541449E+02 -0.12468289880589E+02 -0.13647506131151E+04  0.18231618627296E+03  0.42884673071564E+02 -0.11131542467470E+02 -0.66413168221317E+02 -0.53378448173699E+01 -0.89116835519396E-01 -0.74115494114347E+03  0.85609860355574E+02 -0.67577955596031E+03 -0.37574747755228E+03  0.18779518485646E+03  0.00000000000000E+00  0.00000000000000E+00  0.00000000000000E+00  0.00000000000000E+00  0.00000000000000E+00  0.00000000000000E+00  0.00000000000000E+00  0.00000000000000E+00  0.00000000000000E+00  0.00000000000000E+00  0.00000000000000E+00  0.00000000000000E+00  0.00000000000000E+00  0.37861989128300E+04  0.00000000000000E+00  0.00000000000000E+00  0.00000000000000E+00  0.00000000000000E+00  0.00000000000000E+00  0.00000000000000E+00
  -0.88782743330107E+04  0.23662222834106E+04 -0.35769364517606E+03 -0.23905947773146E+04  0.45468084387977E+03 -0.25469703577593E+03 -0.35361454647437E+03  0.59537311200206E+03 -0.13441002394325E+04  0.11750759438667E+03 -0.11762258323643E+02 -0.14284957516625E+01 -0.14811303373140E+00 -0.10449744801539E-02 -0.30309944338823E+04  0.49172913316886E+03 -0.29590694634821E+04 -0.19342306902049E+04  0.23416373912009E+05  0.00000000000000E+00  0.00000000000000E+00  0.00000000000000E+00  0.00000000000000E+00  0.00000000000000E+00  0.00000000000000E+00  0.00000000000000E+00  0.00000000000000E+00  0.00000000000000E+00  0.00000000000000E+00  0.00000000000000E+00  0.00000000000000E+00  0.00000000000000E+00  0.00000000000000E+00  0.81055012797642E+04  0.00000000000000E+00  0.00000000000000E+00  0.00000000000000E+00  0.00000000000000E+00  0.00000000000000E+00
  -0.31382660455235E+04  0.75045504073499E+03 -0.12494222778816E+03 -0.93090269197621E+03  0.16851212813822E+03 -0.12937752951491E+03 -0.14907966611113E+03  0.40179303534516E+03 -0.73253095277844E+03  0.52639660789642E+02 -0.56298341899839E+01 -0.61913945867599E+00 -0.58404472020606E-01 -0.58007387390834E-03 -0.15875960020543E+04  0.23850347573229E+03 -0.15802165230162E+04 -0.98924990425283E+03  0.73822212511894E+04  0.00000000000000E+00  0.00000000000000E+00  0.00000000000000E+00  0.00000000000000E+00  0.00000000000000E+00  0.00000000000000E+00  0.00000000000000E+00  0.00000000000000E+00  0.00000000000000E+00  0.00000000000000E+00  0.00000000000000E+00  0.00000000000000E+00  0.00000000000000E+00  0.00000000000000E+00  0.00000000000000E+00  0.41663311379327E+04  0.00000000000000E+00  0.00000000000000E+00  0.00000000000000E+00  0.00000000000000E+00
  -0.17996141437206E+05 -0.21962363571929E+04 -0.54684178012965E+02 -0.10008744452350E+05  0.38681629272812E+03 -0.31776232297158E+04 -0.13516068862824E+04 -0.26733055781534E+06  0.11180109991906E+06  0.30720189774846E+04 -0.11502435943646E+04  0.22340735073771E+03  0.22816822742262E+02 -0.15617573568762E+01 -0.21848194866504E+04 -0.37823869901397E+03  0.17161841069129E+04  0.17621235264634E+04 -0.17584739978817E+05  0.00000000000000E+00  0.00000000000000E+00  0.00000000000000E+00  0.00000000000000E+00  0.00000000000000E+00  0.00000000000000E+00  0.00000000000000E+00  0.00000000000000E+00  0.00000000000000E+00  0.00000000000000E+00  0.00000000000000E+00  0.00000000000000E+00  0.00000000000000E+00  0.00000000000000E+00  0.00000000000000E+00  0.00000000000000E+00  0.12706624361576E+06  0.00000000000000E+00  0.00000000000000E+00  0.00000000000000E+00
  -0.73868547565671E+05  0.87071468376810E+04 -0.23330300707602E+04 -0.72746381760046E+04  0.81708122933995E+03 -0.18823189948318E+04 -0.11586063121822E+04 -0.14082518166606E+06  0.44619693998230E+05  0.27929972702757E+04 -0.83630274307944E+03 -0.23087001691039E+04 -0.16634598725139E+03 -0.17320125053255E+01 -0.99231684693727E+03  0.28084314880206E+03 -0.19439108815766E+04 -0.13366451937699E+04  0.20437310306087E+05  0.00000000000000E+00  0.00000000000000E+00  0.00000000000000E+00 -0.29127059141039E+03 -0.18731547562093E+04  0.15863671202744E+04  0.00000000000000E+00  0.00000000000000E+00  0.00000000000000E+00  0.00000000000000E+00  0.00000000000000E+00  0.00000000000000E+00  0.00000000000000E+00  0.00000000000000E+00  0.00000000000000E+00  0.00000000000000E+00  0.00000000000000E+00  0.95935857406239E+05  0.00000000000000E+00  0.00000000000000E+00
  -0.58187054725896E+05  0.73223138643757E+04 -0.18851808035879E+04 -0.21570153179375E+05  0.25232949774370E+04 -0.54250889500608E+04 -0.34591195148151E+04 -0.17227035411002E+06  0.54089547459132E+05  0.34994342532627E+04 -0.10303219930932E+04 -0.75441917580358E-11 -0.90049590646184E-11 -0.26023489865870E-12 -0.11182468122860E+04  0.31575896654637E+03 -0.21617970638318E+04 -0.14888741718947E+04  0.63582552642192E+05  0.41873739359167E+04  0.87485807568095E+03  0.26114124601108E+03 -0.30407002240135E+03 -0.19379847211414E+04  0.16164606265325E+04  0.00000000000000E+00  0.00000000000000E+00  0.00000000000000E+00  0.00000000000000E+00  0.00000000000000E+00  0.00000000000000E+00  0.00000000000000E+00  0.00000000000000E+00  0.00000000000000E+00  0.00000000000000E+00  0.00000000000000E+00  0.00000000000000E+00  0.10041447592445E+06  0.00000000000000E+00
   0.17111336395386E+05 -0.22989316799037E+04  0.64919156969934E+03 -0.16217226012155E+05  0.25559258286664E+04 -0.35119347441557E+04 -0.32571742204662E+04 -0.83047484938739E+04  0.15019817730455E+04  0.41812803625437E+03 -0.64831542899330E+02  0.24766318225848E+03  0.54606876554494E+02  0.42390889326719E-05  0.20500321065089E+03 -0.37125935950480E+02  0.27770858948332E+03  0.19109987466585E+03  0.45095183741426E+05 -0.16438167594351E+04 -0.51540879803417E+03 -0.16840248751325E+03 -0.24688973183461E+02 -0.43079746484838E+02 -0.84993306608606E+02  0.00000000000000E+00  0.00000000000000E+00  0.00000000000000E+00  0.00000000000000E+00  0.00000000000000E+00  0.00000000000000E+00  0.00000000000000E+00  0.00000000000000E+00  0.00000000000000E+00  0.00000000000000E+00  0.00000000000000E+00  0.00000000000000E+00  0.00000000000000E+00  0.40055299472571E+05

 # Covariance matrix (Bevington epsilon)
   0.50727460207071E-03 -0.78194725352928E-04 -0.12454620996588E-01  0.18334155743532E-03 -0.42446938348934E-04  0.26619525308750E-03 -0.10072330941101E-02  0.50848255899062E-04  0.33332867689204E-04 -0.14348087154085E-02 -0.15313206197340E-01 -0.36449303034214E-03 -0.44908348923480E-02  0.24346352341244E-01  0.11308382136151E-03  0.22343260223106E-02  0.69362740260595E-05  0.31323947157804E-04  0.38940314531262E-05 -0.60611410604039E-03  0.35381686700995E-02 -0.39845838021423E-02  0.90295738097963E-03 -0.60726633028382E-03  0.27979395558518E-04  0.37704177025438E-04  0.36975357201663E-04  0.30390028827726E-04  0.38650376954234E-04  0.37944355058945E-04 -0.17278461837969E-03 -0.95452917839403E-04  0.38487282685965E-04 -0.44551727232806E-04 -0.45768738081021E-04  0.59717344376957E-04  0.38229476339429E-04  0.35878947144267E-04  0.76724144012800E-05
  -0.78194725352932E-04  0.13632235745657E-03  0.29123458793922E-02  0.10763006626486E-03  0.65528623772601E-03 -0.21844946108218E-03  0.26157754734553E-03 -0.60148506022787E-05 -0.43906396695970E-05  0.75822934197995E-03  0.31772404531711E-02  0.29832954586241E-03 -0.65410015629013E-03  0.29758818543369E-01  0.34359666219845E-05  0.10280250102487E-02  0.83709267918185E-04  0.61625943443860E-04 -0.14460838940080E-05 -0.80320541294587E-04  0.14540694683978E-03 -0.25011021669139E-03 -0.22581162090008E-02  0.52359645663891E-03  0.96426600856207E-04  0.92675473411611E-05  0.64339200291853E-05  0.46008740616344E-05  0.40017878422032E-05  0.54781799245389E-05  0.36583515260996E-04  0.59438833229481E-07  0.32238187489076E-05 -0.15653800912696E-04 -0.10032386935013E-04 -0.11311878789132E-05  0.67763217643045E-05  0.63944145296352E-05 -0.83127232619506E-05
