# fitpack15: fit parameters                                                                         
# CJ15 AV18 final data choices                                                                      
# Created on 09/10/2019 at 09:28:35                                                                 

 # QCD setup
  INS                           0
  NVL                          11
  IORD                          1
  Q02                   1.6899999999999999     
  IPARAMC                       7
  FLAVOR                4.0000000000000000     
  xmc                   1.3000000000000000     
  xmb                   4.5000000000000000     
  ncb                          12
  ihq                           1
  ias                           0

 # Theory corrections
  inuke                     10114
  itmc                          1
  iht                           1

 # fit parameters
 LAMBDA       0.22680        0.0000    
 a0uv          2.4385        0.0000    
 a1uv         0.61772       0.24198E-01
 a2uv          3.5399       0.13102E-01
 a3uv          0.0000        0.0000    
 a4uv          3.3701       0.53144    
 a5uv          0.0000        0.0000    
 a0dv          25.925        0.0000    
 a1dv          1.1701       0.31553E-01
 a2dv          6.4225       0.12479    
 a3dv         -3.4689       0.79463E-01
 a4dv          4.4841       0.14760    
 a5dv          0.0000        0.0000    
 a0ud         0.14730       0.52543E-02
 a1ud        -0.20732       0.38693E-02
 a2ud          8.2183       0.22379    
 a3ud          0.0000        0.0000    
 a4ud          13.328        1.3745    
 a5ud          0.0000        0.0000    
 a0du          35712.        0.0000    
 a1du          4.0995       0.98307E-01
 a2du          19.941        1.0320    
 a3du          17.000        0.0000    
 a4du          59.338        16.854    
 a0g           49.043        0.0000    
 a1g          0.61807       0.31137E-01
 a2g           6.5005       0.87331    
 a3g          -3.4101       0.12955    
 a4g           3.3795       0.31812    
 a5g           0.0000        0.0000    
 kappa        0.40000        0.0000    
 a6dv          0.0000        0.0000    
 a7dv          0.0000        0.0000    
 off1        -0.17306       0.12434    
 off2         0.91509       0.76165    
 off3         -2.7131        1.0338    
 ht1          -3.4794       0.25125    
 ht2           1.9818       0.10228    
 ht3          -2.0641       0.24779E-01
 ht4           0.0000        0.0000    
 dummy41       0.0000        0.0000    
 dummy42       0.0000        0.0000    
 dummy43       0.0000        0.0000    
 dummy44       0.0000        0.0000    
 dummy45       0.0000        0.0000    
 dummy46       0.0000        0.0000    
 dummy47       0.0000        0.0000    
 dummy48       0.0000        0.0000    
 dummy49       0.0000        0.0000    
 bcdmsh2      0.96969       0.44805E-02
 bcdmsd2      0.99242       0.54420E-02
 ccfr          1.0000        0.0000    
 nutev         1.0000        0.0000    
 zeus         0.97998        0.0000    
 h1            1.0162        0.0000    
 e605          1.0319        0.0000    
 NmcH2         1.0050       0.68685E-02
 ntv_nu        1.0000        0.0000    
 ntv_nuba      1.0000        0.0000    
 cdf_jet      0.98910        0.0000    
 d0_jet       0.83504        0.0000    
 slac_p       0.99904       0.41069E-02
 slac_d        1.0017       0.44197E-02
 e866pp       0.95105       0.20341E-01
 e866pd       0.93618       0.17703E-01
 d0_gamje      1.0420       0.16581E-01
 h1b          0.97608        0.0000    
 jlab_p       0.98960       0.50912E-02
 jlab_d       0.97450       0.51155E-02
 blank         1.0000        0.0000    
 d0run2       0.94665       0.14437E-01
 cdfrun2      0.93436       0.17340E-01
 HERA_el       1.0000        0.0000    
 HERA_ps       1.0000        0.0000    
 CDF_Z        0.95725       0.62531E-02
 NmcRat        1.0000        0.0000    
 BNS_F2nd     0.96900       0.85780E-02
 HERMES_F     0.99341       0.50489E-02
 HERMES_F     0.97784       0.52164E-02
 e03103_p     0.99345       0.45929E-02
 e03103_d     0.97757       0.46538E-02
 e06009_d_c   0.96165       0.76874E-02
 e94110_p      1.0055       0.47642E-02
 e99118_p      1.0086       0.17418E-01
 e99118_d      1.0211       0.17725E-01
 jlcee96_p     1.0147       0.48614E-02
 jlcee96_d     1.0212       0.52136E-02
 END 0. 0.

 # Hessian matrix (Bevington alpha)
   0.71217154764591E+07 -0.18486162472207E+07  0.35156587134591E+06  0.93391832149986E+06 -0.25174562349941E+06  0.77377742025715E+05  0.16639115885840E+06  0.12210171450977E+07 -0.21231707214080E+06 -0.72361384296781E+05  0.10995914802056E+05  0.13563457189166E+05  0.16055596651202E+04 -0.67547977573886E+02 -0.13908014652338E+04  0.20550696740490E+03  0.58844446238352E+04  0.24526107566670E+04 -0.94602994363223E+05 -0.41441528219436E+05 -0.19627803097977E+05 -0.28855350384889E+05 -0.19462046353895E+05 -0.46410790635233E+06 -0.12700615733031E+06 -0.53494624622136E+05 -0.43331259626572E+04 -0.84113681410656E+06 -0.10775531787605E+07 -0.20824096435196E+05 -0.47387205294910E+05 -0.30424011069241E+04 -0.19860421119673E+06 -0.22050241421600E+06 -0.86241571456049E+04 -0.30441160519855E+04 -0.15549864592495E+05  0.16907940656765E+05 -0.70784042439600E+05 -0.55675790730344E+05 -0.30949006966485E+06 -0.51877489161772E+06 -0.16083176410261E+05 -0.33052625734923E+06 -0.43020218278057E+04 -0.32952342835468E+04 -0.21514860028060E+06 -0.16626059965107E+06
  -0.18486162472207E+07  0.56194799543920E+06 -0.93585173398968E+05 -0.22547316041617E+06  0.66377971822312E+05 -0.10333000038159E+05 -0.36171782921348E+05 -0.18100646864077E+06  0.33841291446044E+05  0.12249905834122E+05 -0.15742327239922E+04 -0.11312912273755E+04 -0.14030699255241E+03  0.87689505605167E+01  0.30069904039089E+04 -0.61596900770156E+03  0.12937999005788E+04  0.12994530338565E+04  0.24227309583129E+05  0.11734762728422E+05  0.59968973436416E+04  0.12348866357972E+05  0.14937622707393E+05  0.12622051714818E+06  0.16602152663160E+05  0.81809964405258E+04 -0.25167054347095E+03  0.20989352129007E+06  0.26191100538698E+06  0.58741165635965E+04  0.13536782301155E+05  0.41509381338975E+03  0.63559478219875E+05  0.70138355676250E+05  0.23273067141684E+04  0.73737201835764E+03 -0.22834565692744E+04 -0.23085430163443E+04  0.85487783745775E+04  0.71870480040011E+04  0.80334337862344E+05  0.13347052578469E+06  0.11124195400446E+04  0.77223259207383E+05  0.58506091158301E+03  0.46287811325332E+03  0.42741702759385E+05  0.33270533655270E+05
   0.35156587134591E+06 -0.93585173398968E+05  0.17492729379172E+05  0.45513256839546E+05 -0.12558656208226E+05  0.32915120681481E+04  0.79963807057831E+04  0.47727729978142E+05 -0.79992643756680E+04 -0.32030481104767E+04  0.43609735005741E+03  0.43627330546923E+03  0.60091068482272E+02 -0.31754497342144E+01 -0.88705936799752E+03  0.11592527256435E+03 -0.46685192325644E+03 -0.31051855748321E+03 -0.46326414562752E+04 -0.20677611185022E+04 -0.99022956929122E+03 -0.15734570870295E+04 -0.13681455997322E+04 -0.23258132912026E+05 -0.56612620614284E+04 -0.24047238742142E+04  0.56171304164079E+02 -0.40095530321768E+05 -0.51623416418616E+05 -0.10421448296822E+04 -0.23830828148096E+04 -0.11964132437311E+03 -0.10193523107955E+05 -0.11301354871774E+05 -0.42329025678435E+03 -0.14677148730768E+03  0.43500653155083E+02  0.75790770936072E+03 -0.26173066431134E+04 -0.21205965265356E+04 -0.15449845108055E+05 -0.25980376346000E+05 -0.71306950708595E+03 -0.16461933430864E+05 -0.19220693688890E+03 -0.14801279608215E+03 -0.10486244032080E+05 -0.80945121932311E+04
   0.93391832149986E+06 -0.22547316041617E+06  0.45513256839546E+05  0.38358200451358E+06 -0.72515934616210E+05  0.78167449799054E+05  0.73110181706504E+05  0.38150474927698E+06 -0.38643138675712E+05 -0.21079796715088E+05  0.38124134087829E+04 -0.78406224080918E+03 -0.61343631803209E+02  0.27261900052724E+02  0.24967797323151E+05 -0.27092300987106E+04  0.22255350105182E+05  0.11649488084208E+05 -0.27351180921317E+05 -0.11072210924483E+05 -0.47718478379654E+04 -0.20095638235597E+04  0.29868802827384E+04 -0.79323279779469E+05 -0.12557592383071E+05 -0.20734759197073E+05 -0.59233649390455E+02 -0.62551091548755E+05 -0.32565496146545E+06 -0.12566222110560E+04 -0.23212468114038E+04 -0.65027139614632E+02 -0.10739015371173E+05 -0.48311836636048E+05 -0.22621319044623E+04 -0.89070254643734E+03 -0.98270967089347E+04 -0.15965876740767E+05 -0.70958126825760E+04 -0.21058296989095E+05 -0.22246394276466E+05 -0.15030823393609E+06 -0.81418683320057E+04 -0.26533537284661E+05 -0.45507668351270E+03 -0.13452062250766E+04 -0.19560328550234E+05 -0.59290431436915E+05
  -0.25174562349941E+06  0.66377971822312E+05 -0.12558656208226E+05 -0.72515934616210E+05  0.16590431088616E+05 -0.10270597146271E+05 -0.13198914187755E+05 -0.44548565029347E+05  0.31769533016679E+04  0.32918579704460E+04 -0.46525954598130E+03 -0.63090790469322E+02 -0.36198182107994E+01 -0.21164281569955E+01 -0.17292691401643E+04  0.13733957677753E+03 -0.16191370448145E+04 -0.74950551899197E+03  0.61291030544330E+04  0.27415871299740E+04  0.12729429549480E+04  0.11556716221083E+04  0.97401988461879E+03  0.20036802839559E+05  0.20415184805860E+04  0.34956255927889E+04 -0.60967378352668E+02  0.12908292652269E+05  0.68150555954088E+05  0.35761057751568E+03  0.64000854675416E+03  0.87051266700278E+01  0.33219136091603E+04  0.14726262922630E+05  0.50227294454187E+03  0.18333301381246E+03  0.32224420840115E+03  0.26274310587918E+04  0.84985417669572E+03  0.26398839343375E+04  0.54771054843474E+04  0.37769077335751E+05  0.11516793987947E+04  0.63735582212434E+04  0.72266968424747E+02  0.21754542534872E+03  0.41519529356231E+04  0.12600761989367E+05
   0.77377742025715E+05 -0.10333000038159E+05  0.32915120681481E+04  0.78167449799054E+05 -0.10270597146271E+05  0.23868133177569E+05  0.16343291235736E+05  0.11509393291938E+06 -0.11651120473821E+05 -0.54631210678286E+04  0.11566559807555E+04 -0.39716896109152E+03 -0.31581613196692E+02  0.10133081290862E+02  0.88522950417795E+04 -0.10704266925414E+04  0.76899845883987E+04  0.42663093926402E+04 -0.40900835621802E+04 -0.12862510838620E+04 -0.42016577113181E+03  0.79085362214269E+03  0.32340585224690E+04 -0.79316893120207E+04 -0.33532695577970E+04 -0.52054396414333E+04  0.19231302785268E+03 -0.12123616988916E+05 -0.59884274537915E+05 -0.68361436352708E+02 -0.15688725446531E+03 -0.20571778569690E+02 -0.28081746905023E+03 -0.15100922010315E+04 -0.38475264321781E+03 -0.17687102914716E+03 -0.32115715738171E+04 -0.42493665063643E+04 -0.20834529666563E+04 -0.60371495100496E+04 -0.24499329412589E+04 -0.14358743467340E+05 -0.21846678680469E+04 -0.27427227116866E+04 -0.12326423696881E+03 -0.35572963149034E+03 -0.28897303615264E+04 -0.88474624310145E+04
   0.16639115885840E+06 -0.36171782921348E+05  0.79963807057831E+04  0.73110181706504E+05 -0.13198914187755E+05  0.16343291235736E+05  0.14661976638564E+05  0.71470302631097E+05 -0.58046684051257E+04 -0.42782198119927E+04  0.73959392346463E+03 -0.88753346556553E+02 -0.77081270743397E+01  0.49104975532925E+01  0.40808792397267E+04 -0.45864711150778E+03  0.34929965321013E+04  0.18673565604516E+04 -0.49680613263294E+04 -0.19365154628888E+04 -0.79171032825245E+03  0.11964484536490E+02  0.14339558218086E+04 -0.13683513060938E+05 -0.28176426330925E+04 -0.44658692252290E+04  0.15629171392458E+03 -0.12129372361475E+05 -0.63197103960677E+05 -0.21307536136393E+03 -0.38161531941710E+03 -0.13917995463719E+02 -0.15131935880322E+04 -0.69292811176352E+04 -0.43881361979840E+03 -0.17966345800518E+03 -0.13414620266782E+04 -0.37063425279392E+04 -0.12734606198500E+04 -0.38223842952380E+04 -0.39380467409752E+04 -0.25860627061689E+05 -0.19769801975910E+04 -0.46777687684849E+04 -0.10299932401960E+03 -0.30294558136497E+03 -0.38004300774050E+04 -0.11553811372890E+05
   0.12210171450977E+07 -0.18100646864077E+06  0.47727729978142E+05  0.38150474927698E+06 -0.44548565029347E+05  0.11509393291938E+06  0.71470302631097E+05  0.48207321337303E+07 -0.22665108482579E+07 -0.85859302246758E+05  0.26598547600639E+05  0.23795575243833E+05  0.16728098189043E+04  0.60369741978981E+02  0.73691915469529E+05 -0.94790487939254E+04  0.77332644427744E+05  0.41115109680650E+05 -0.40716486704397E+05 -0.90922946440113E+04 -0.27118516039748E+04  0.78816083286706E+04  0.39674997830664E+05 -0.58957856530774E+05 -0.58508858101509E+05 -0.46887079079787E+05 -0.65460599116072E+05 -0.27556901741122E+06 -0.54444848488754E+06 -0.72688635869973E+05 -0.16429817731761E+06 -0.12626050075335E+04 -0.58166321989070E+04 -0.11534881374116E+05  0.44857029744039E+03  0.34350298809985E+03 -0.25668246097832E+06 -0.87163529312236E+04 -0.13388288187836E+06 -0.16516131127385E+06 -0.32470849235186E+05 -0.77364548136343E+05 -0.11365906637537E+05 -0.34260819766860E+05 -0.20933303040559E+04 -0.26616207355308E+04 -0.35851822036455E+05 -0.46041235326203E+05
  -0.21231707214080E+06  0.33841291446044E+05 -0.79992643756680E+04 -0.38643138675712E+05  0.31769533016679E+04 -0.11651120473821E+05 -0.58046684051257E+04 -0.22665108482579E+07  0.19188025293698E+07  0.18995174002636E+05 -0.66627691431235E+04 -0.50376599973160E+04 -0.28580787909584E+03 -0.80652481630674E+01  0.52235612442219E+05 -0.27871033307586E+04  0.19556210149610E+05  0.97849933650755E+04  0.98039788110351E+04  0.17155842689011E+04  0.44034640816635E+03 -0.18622081702477E+04 -0.96705406647670E+04  0.90691251183919E+04  0.11022467878371E+05  0.10418525396053E+05  0.23674902570866E+05  0.64576776900521E+05  0.12329355417598E+06  0.23310027656722E+05  0.52738143163438E+05  0.16125554119391E+03  0.64584247786068E+03  0.13181775823048E+04 -0.13172301758693E+04 -0.72220779105766E+03  0.11012468026393E+06  0.16171676699078E+04  0.43479661373302E+05  0.53079343529383E+05  0.47977459106872E+04  0.11093087125788E+05  0.19227645267195E+04  0.49103041293255E+04  0.43246278266682E+03  0.54987931864431E+03  0.55660571167451E+04  0.72482550910068E+04
  -0.72361384296781E+05  0.12249905834122E+05 -0.32030481104767E+04 -0.21079796715088E+05  0.32918579704460E+04 -0.54631210678286E+04 -0.42782198119927E+04 -0.85859302246758E+05  0.18995174002636E+05  0.28521026411834E+04 -0.69313617386790E+03 -0.63248643081808E+03 -0.58723249618330E+02 -0.92127505408871E+00 -0.37155118468687E+04  0.44898460621678E+03 -0.33332856863988E+04 -0.18462499179970E+04  0.16673392032304E+04  0.50656149529897E+03  0.17986346013504E+03 -0.24290204782557E+03 -0.12982461960960E+04  0.40984804612640E+04  0.26734453691722E+04  0.18500015874302E+04  0.71688079591607E+03  0.10813109032824E+05  0.22598043224091E+05  0.15404434710090E+04  0.34213700407313E+04  0.41500479919045E+02  0.58833396974838E+03  0.11254025259944E+04  0.12388756380616E+03  0.54838801122204E+02  0.30274218715170E+04  0.44866668349975E+03  0.27366240468987E+04  0.34673233515688E+04  0.22864250802909E+04  0.57600909575776E+04  0.65657334072574E+03  0.25912285973994E+04  0.93202457979742E+02  0.11819090189266E+03  0.24134548879076E+04  0.30417142572770E+04
   0.10995914802056E+05 -0.15742327239922E+04  0.43609735005741E+03  0.38124134087829E+04 -0.46525954598130E+03  0.11566559807555E+04  0.73959392346463E+03  0.26598547600639E+05 -0.66627691431235E+04 -0.69313617386790E+03  0.19923680208969E+03  0.19581572710759E+03  0.15036332643085E+02  0.42995842620326E+00  0.12859860344603E+04 -0.14441056230942E+03  0.11146467600293E+04  0.60237480443824E+03 -0.31767761925518E+03 -0.77873133933275E+02 -0.24161847141644E+02  0.63231442291190E+02  0.31179567106800E+03 -0.53191720360891E+03 -0.50852652314076E+03 -0.38140096053559E+03 -0.35106466732524E+03 -0.21914017301696E+04 -0.43912918959120E+04 -0.47245310826296E+03 -0.10688823101974E+04 -0.11442623665828E+02 -0.54829533156657E+02 -0.10848482311942E+03 -0.14224196202500E+02 -0.66768757701288E+01 -0.11921585618726E+04 -0.75577916431478E+02 -0.86790205885480E+03 -0.10800693768611E+04 -0.29594132309362E+03 -0.70735551223855E+03 -0.10098629482254E+03 -0.31272202246954E+03 -0.17605939673636E+02 -0.22386369659168E+02 -0.32323549905049E+03 -0.41408692156924E+03
   0.13563457189166E+05 -0.11312912273755E+04  0.43627330546923E+03 -0.78406224080918E+03 -0.63090790469322E+02 -0.39716896109152E+03 -0.88753346556553E+02  0.23795575243833E+05 -0.50376599973160E+04 -0.63248643081808E+03  0.19581572710759E+03  0.13960477158351E+04  0.94421505837866E+02 -0.96557566906391E+00  0.13656447963011E+04 -0.19658389938990E+03  0.15024928592851E+04  0.86758118429654E+03  0.24588556233043E+03  0.23790489336019E+02  0.18535969207511E+00  0.50382800695782E+02  0.27843059293725E+03 -0.74434001288686E+02 -0.10814418833978E+04 -0.60403254816171E-10 -0.64703837584205E+03 -0.47660449417897E+04  0.26796517456548E-09 -0.22549325638756E+04 -0.74368495296006E+02 -0.72989896922030E+02 -0.23629838030791E+00 -0.32566234258010E-11 -0.16536942819067E+01 -0.70492815136564E+00  0.24554556006262E+03  0.31083944207880E+03 -0.25259785578153E+04  0.70776042079905E-10 -0.77695855392062E+02  0.17549133962007E-09  0.10120935536218E-10 -0.28333960561597E+02 -0.30767856874334E+02 -0.78555809571874E-11 -0.68691625186231E+02 -0.22576169793281E-10
   0.16055596651202E+04 -0.14030699255241E+03  0.60091068482272E+02 -0.61343631803209E+02 -0.36198182107994E+01 -0.31581613196692E+02 -0.77081270743397E+01  0.16728098189043E+04 -0.28580787909584E+03 -0.58723249618330E+02  0.15036332643085E+02  0.94421505837866E+02  0.87146110194484E+01 -0.11177465966561E+00  0.80484018711989E+02 -0.13811079078625E+02  0.93377875903490E+02  0.58428357012690E+02  0.13123200782678E+02  0.17166206642987E+01  0.20633873457191E-01  0.71398719588943E+01  0.33961131853778E+02 -0.18243358402715E+02 -0.16090952916162E+03 -0.54604869828780E-11 -0.26015055972713E+02 -0.56961661981077E+03 -0.76873473261485E-11 -0.14420296865049E+03 -0.19684800358016E+02 -0.60253004631311E+01 -0.16803263047294E+00 -0.10052619711888E-10 -0.17801957234369E+00 -0.68786502249225E-01  0.25858462963925E+02  0.69831977526706E+02 -0.18559485322427E+03  0.15943762289563E-11 -0.26787308284108E+02 -0.79178882099704E-11 -0.17675345020998E-11 -0.12408450412726E+02 -0.53784188902005E+01 -0.10970832480764E-11 -0.25395253210492E+02 -0.64642317529458E-11
  -0.67547977573886E+02  0.87689505605167E+01 -0.31754497342144E+01  0.27261900052724E+02 -0.21164281569955E+01  0.10133081290862E+02  0.49104975532925E+01  0.60369741978981E+02 -0.80652481630674E+01 -0.92127505408871E+00  0.42995842620326E+00 -0.96557566906391E+00 -0.11177465966561E+00  0.25562240044332E-01  0.10022064415275E+02 -0.68984213204245E+00  0.59176931318312E+01  0.26595312978344E+01  0.10573252157439E+01 -0.34072973049085E-01 -0.15600376402514E-01 -0.66175880258036E-02 -0.13035256527141E-01  0.12163865087194E-01  0.48130634262534E-01 -0.45913236303443E-12 -0.41245947511709E+01 -0.33442693977254E+00  0.96996721567487E-12 -0.19171996876125E+01 -0.24080017600590E-05 -0.89340764717489E-01  0.11859384526274E-13  0.55593422361551E-13 -0.10893194745671E-02 -0.59904236097513E-03 -0.15730985912899E+01  0.46924221675659E-05 -0.17391087377684E+01  0.82389681074707E-12 -0.58734186920904E-09 -0.53012490964231E-12 -0.16771007496288E-12  0.96305484662371E-11 -0.66800769595672E-06 -0.61915610145178E-13 -0.11327837330197E-08 -0.31770245275684E-12
  -0.13908014652338E+04  0.30069904039089E+04 -0.88705936799752E+03  0.24967797323151E+05 -0.17292691401643E+04  0.88522950417795E+04  0.40808792397267E+04  0.73691915469529E+05  0.52235612442219E+05 -0.37155118468687E+04  0.12859860344603E+04  0.13656447963011E+04  0.80484018711989E+02  0.10022064415275E+02  0.50598927775009E+05 -0.48868014747905E+04  0.37639687885785E+05  0.19781325612469E+05  0.26614456047848E+03  0.14370408635496E+03  0.61076483207818E+02 -0.63325706228305E+02 -0.31321090113770E+03  0.20524472942618E+04 -0.28794976176503E+04 -0.18709144250147E+04 -0.25213682337862E+04  0.19630532761409E+04  0.43902196812517E+04 -0.15908636457287E+04 -0.31797313439235E+04 -0.73298923113605E+03  0.28749340449093E+03  0.52152847529591E+03 -0.29942911376962E+04 -0.15721377570332E+04 -0.22235019040817E+04  0.20936325325159E+03 -0.96888463634080E+03 -0.10885354794980E+04  0.84904348995570E+03  0.27609159852088E+04  0.41755309007785E+03  0.16987224385134E+04  0.54212063322442E+02  0.64232148418405E+02  0.15565889724467E+04  0.19138179127652E+04
   0.20550696740490E+03 -0.61596900770156E+03  0.11592527256435E+03 -0.27092300987106E+04  0.13733957677753E+03 -0.10704266925414E+04 -0.45864711150778E+03 -0.94790487939254E+04 -0.27871033307586E+04  0.44898460621678E+03 -0.14441056230942E+03 -0.19658389938990E+03 -0.13811079078625E+02 -0.68984213204245E+00 -0.48868014747905E+04  0.55100276574578E+03 -0.41178364577433E+04 -0.22554672819796E+04 -0.44901245253872E+02 -0.28796828535202E+02 -0.13446955336850E+02 -0.16128622150134E+01  0.11180502932496E+02 -0.46543977778250E+03  0.54956626364668E+03  0.34231895260169E+03  0.29589652138136E+03 -0.15051102694582E+03 -0.50435074908667E+03  0.17001676865100E+03  0.33847822788057E+03  0.83758869831555E+02 -0.79599013237381E+02 -0.14239468771117E+03  0.47564638405899E+03  0.23193797238392E+03 -0.35109457458075E+03 -0.38023472471721E+02  0.27205520334881E+03  0.30492688705844E+03 -0.18989495700695E+03 -0.65552901897578E+03 -0.82206643612090E+02 -0.40340532021251E+03 -0.86697532283030E+01 -0.10416765929693E+02 -0.34172855141417E+03 -0.41723518616359E+03
   0.58844446238352E+04  0.12937999005788E+04 -0.46685192325644E+03  0.22255350105182E+05 -0.16191370448145E+04  0.76899845883987E+04  0.34929965321013E+04  0.77332644427744E+05  0.19556210149610E+05 -0.33332856863988E+04  0.11146467600293E+04  0.15024928592851E+04  0.93377875903490E+02  0.59176931318312E+01  0.37639687885785E+05 -0.41178364577433E+04  0.31662707838753E+05  0.17079934481657E+05  0.16168600545452E+03  0.10518453102839E+03  0.40266059670144E+02 -0.14708553281064E+03 -0.49766846387802E+03  0.13534767518546E+04 -0.27335449812688E+04 -0.17560419391169E+04 -0.26265372506963E+04  0.22449256213621E+04  0.47837304500425E+04 -0.13784336145811E+04 -0.27690153048243E+04 -0.63292262106708E+03  0.70843084298232E+02  0.14442582759059E+03 -0.27028850596382E+04 -0.14536378202518E+04  0.13035864597928E+04  0.24448204282154E+03 -0.17232699589950E+04 -0.19116700066476E+04  0.61436937364049E+03  0.15918612045288E+04  0.40366477653343E+03  0.95204280861621E+03  0.71044241722071E+02  0.82152450023006E+02  0.11521770008872E+04  0.14539488412869E+04
   0.24526107566670E+04  0.12994530338565E+04 -0.31051855748321E+03  0.11649488084208E+05 -0.74950551899197E+03  0.42663093926402E+04  0.18673565604516E+04  0.41115109680650E+05  0.97849933650755E+04 -0.18462499179970E+04  0.60237480443824E+03  0.86758118429654E+03  0.58428357012690E+02  0.26595312978344E+01  0.19781325612469E+05 -0.22554672819796E+04  0.17079934481657E+05  0.93495082920234E+04  0.12300803335968E+03  0.82950355891618E+02  0.34847599624267E+02 -0.71149430959292E+02 -0.23751637949927E+03  0.12208279918233E+04 -0.19479871844103E+04 -0.12166199204377E+04 -0.13221413486284E+04  0.10396754574667E+04  0.26232912644134E+04 -0.70116370190094E+03 -0.14097680434446E+04 -0.35042149387649E+03  0.11417254390260E+03  0.21561245236220E+03 -0.17622835670295E+04 -0.90753800178832E+03  0.14881293850060E+04  0.17273595628359E+03 -0.12061296403995E+04 -0.13397830173447E+04  0.53918198254111E+03  0.15639990620426E+04  0.31671319642909E+03  0.95760969616541E+03  0.43998043563529E+02  0.51408407969486E+02  0.10111155285123E+04  0.12564827194692E+04
  -0.94602994363223E+05  0.24227309583129E+05 -0.46326414562752E+04 -0.27351180921317E+05  0.61291030544330E+04 -0.40900835621802E+04 -0.49680613263294E+04 -0.40716486704397E+05  0.98039788110351E+04  0.16673392032304E+04 -0.31767761925518E+03  0.24588556233043E+03  0.13123200782678E+02  0.10573252157439E+01  0.26614456047848E+03 -0.44901245253872E+02  0.16168600545452E+03  0.12300803335968E+03  0.39516667925643E+04  0.14272737233015E+04  0.62853329564227E+03  0.28789988325041E+03 -0.26546061502249E+03  0.71645940739237E+04  0.00000000000000E+00  0.25937708443408E+04  0.00000000000000E+00  0.00000000000000E+00  0.40956237284298E+05  0.00000000000000E+00  0.00000000000000E+00  0.00000000000000E+00  0.00000000000000E+00  0.61112964772135E+04  0.00000000000000E+00  0.00000000000000E+00  0.00000000000000E+00 -0.16448301456150E+04  0.00000000000000E+00  0.41754725602069E+04  0.00000000000000E+00  0.15967121678650E+05  0.75072101421568E+03  0.00000000000000E+00  0.00000000000000E+00  0.14792479893144E+03  0.00000000000000E+00  0.57497679140231E+04
  -0.41441528219436E+05  0.11734762728422E+05 -0.20677611185022E+04 -0.11072210924483E+05  0.27415871299740E+04 -0.12862510838620E+04 -0.19365154628888E+04 -0.90922946440113E+04  0.17155842689011E+04  0.50656149529897E+03 -0.77873133933275E+02  0.23790489336019E+02  0.17166206642987E+01 -0.34072973049085E-01  0.14370408635496E+03 -0.28796828535202E+02  0.10518453102839E+03  0.82950355891618E+02  0.14272737233015E+04  0.62268096328638E+03  0.29715281122667E+03  0.22067725059980E+03  0.13980226711119E+03  0.32224179797772E+04  0.00000000000000E+00  0.67450174175099E+03  0.00000000000000E+00  0.00000000000000E+00  0.15424371007493E+05  0.00000000000000E+00  0.00000000000000E+00  0.00000000000000E+00  0.00000000000000E+00  0.30984108054402E+04  0.00000000000000E+00  0.00000000000000E+00  0.00000000000000E+00 -0.51443992871825E+03  0.00000000000000E+00  0.87167245740526E+03  0.00000000000000E+00  0.70666519514498E+04  0.21705365901867E+03  0.00000000000000E+00  0.00000000000000E+00  0.45644034826555E+02  0.00000000000000E+00  0.22430897942943E+04
  -0.19627803097977E+05  0.59968973436416E+04 -0.99022956929122E+03 -0.47718478379654E+04  0.12729429549480E+04 -0.42016577113181E+03 -0.79171032825245E+03 -0.27118516039748E+04  0.44034640816635E+03  0.17986346013504E+03 -0.24161847141644E+02  0.18535969207511E+00  0.20633873457191E-01 -0.15600376402514E-01  0.61076483207818E+02 -0.13446955336850E+02  0.40266059670144E+02  0.34847599624267E+02  0.62853329564227E+03  0.29715281122667E+03  0.14951263499544E+03  0.13777545057045E+03  0.14154673826905E+03  0.15313215672988E+04  0.00000000000000E+00  0.19772509243275E+03  0.00000000000000E+00  0.00000000000000E+00  0.67207888607056E+04  0.00000000000000E+00  0.00000000000000E+00  0.00000000000000E+00  0.00000000000000E+00  0.16125969677674E+04  0.00000000000000E+00  0.00000000000000E+00  0.00000000000000E+00 -0.16756426062591E+03  0.00000000000000E+00  0.25984323638398E+03  0.00000000000000E+00  0.32584707527362E+04  0.56041603041473E+02  0.00000000000000E+00  0.00000000000000E+00  0.15236794699831E+02  0.00000000000000E+00  0.90517776460388E+03
  -0.28855350384889E+05  0.12348866357972E+05 -0.15734570870295E+04 -0.20095638235597E+04  0.11556716221083E+04  0.79085362214269E+03  0.11964484536490E+02  0.78816083286706E+04 -0.18622081702477E+04 -0.24290204782557E+03  0.63231442291190E+02  0.50382800695782E+02  0.71398719588943E+01 -0.66175880258036E-02 -0.63325706228305E+02 -0.16128622150134E+01 -0.14708553281064E+03 -0.71149430959292E+02  0.28789988325041E+03  0.22067725059980E+03  0.13777545057045E+03  0.62128451116343E+03  0.11829446153242E+04  0.27699503786068E+04 -0.49959067055052E+02 -0.28473594661612E+02  0.31912757041981E+01  0.54460528058223E+03 -0.67360370156038E+02  0.00000000000000E+00  0.00000000000000E+00  0.00000000000000E+00  0.22182013309953E+04  0.27329128608008E+04  0.00000000000000E+00  0.00000000000000E+00  0.00000000000000E+00 -0.26992433028015E+02 -0.36500064024590E+03 -0.37877210336104E+03  0.14106446121252E+04  0.35592063800910E+04 -0.42394822943591E+03  0.15355284067362E+04 -0.40734675440379E+02 -0.37528481041724E+02 -0.19572697536828E+03 -0.11564865429999E+03
  -0.19462046353895E+05  0.14937622707393E+05 -0.13681455997322E+04  0.29868802827384E+04  0.97401988461879E+03  0.32340585224690E+04  0.14339558218086E+04  0.39674997830664E+05 -0.96705406647670E+04 -0.12982461960960E+04  0.31179567106800E+03  0.27843059293725E+03  0.33961131853778E+02 -0.13035256527141E-01 -0.31321090113770E+03  0.11180502932496E+02 -0.49766846387802E+03 -0.23751637949927E+03 -0.26546061502249E+03  0.13980226711119E+03  0.14154673826905E+03  0.11829446153242E+04  0.29453321869537E+04  0.29264538140397E+04 -0.16368777440274E+03 -0.10925707750319E+03 -0.39325491609053E+02 -0.66257970905104E+04 -0.11615245207472E+05  0.00000000000000E+00  0.00000000000000E+00  0.00000000000000E+00  0.32437654154721E+04  0.38791772541983E+04  0.00000000000000E+00  0.00000000000000E+00  0.00000000000000E+00 -0.42963550647597E+02 -0.20982591265595E+04 -0.21645988634925E+04  0.12196274568882E+04  0.44189754245783E+04 -0.11195834508267E+04  0.22893017742281E+04 -0.15821288869249E+03 -0.15181346291009E+03 -0.12454659399648E+04 -0.12810677586967E+04
  -0.46410790635233E+06  0.12622051714818E+06 -0.23258132912026E+05 -0.79323279779469E+05  0.20036802839559E+05 -0.79316893120207E+04 -0.13683513060938E+05 -0.58957856530774E+05  0.90691251183919E+04  0.40984804612640E+04 -0.53191720360891E+03 -0.74434001288686E+02 -0.18243358402715E+02  0.12163865087194E-01  0.20524472942618E+04 -0.46543977778250E+03  0.13534767518546E+04  0.12208279918233E+04  0.71645940739237E+04  0.32224179797772E+04  0.15313215672988E+04  0.27699503786068E+04  0.29264538140397E+04  0.41517094084413E+05  0.25558647593816E+03  0.13351551277819E+03 -0.62881794924816E+01  0.38923742600037E+05  0.63123761561515E+05  0.00000000000000E+00  0.00000000000000E+00  0.00000000000000E+00  0.16624415885515E+05  0.20868183203738E+05  0.00000000000000E+00  0.00000000000000E+00  0.00000000000000E+00 -0.86796081249012E+02  0.15878718488182E+04  0.16239122004654E+04  0.21252955315277E+05  0.52648844386278E+05  0.18572122988504E+04  0.34177974378795E+05  0.34601174504235E+03  0.34965366172622E+03  0.20989962690135E+05  0.20419110266944E+05
  -0.12700615733031E+06  0.16602152663160E+05 -0.56612620614284E+04 -0.12557592383071E+05  0.20415184805860E+04 -0.33532695577970E+04 -0.28176426330925E+04 -0.58508858101509E+05  0.11022467878371E+05  0.26734453691722E+04 -0.50852652314076E+03 -0.10814418833978E+04 -0.16090952916162E+03  0.48130634262534E-01 -0.28794976176503E+04  0.54956626364668E+03 -0.27335449812688E+04 -0.19479871844103E+04  0.00000000000000E+00  0.00000000000000E+00  0.00000000000000E+00 -0.49959067055052E+02 -0.16368777440274E+03  0.25558647593816E+03  0.11704488731924E+06  0.00000000000000E+00  0.00000000000000E+00  0.00000000000000E+00  0.00000000000000E+00  0.00000000000000E+00  0.00000000000000E+00  0.00000000000000E+00  0.00000000000000E+00  0.00000000000000E+00  0.00000000000000E+00  0.00000000000000E+00  0.00000000000000E+00  0.00000000000000E+00  0.00000000000000E+00  0.00000000000000E+00  0.00000000000000E+00  0.00000000000000E+00  0.00000000000000E+00  0.00000000000000E+00  0.00000000000000E+00  0.00000000000000E+00  0.00000000000000E+00  0.00000000000000E+00
  -0.53494624622136E+05  0.81809964405258E+04 -0.24047238742142E+04 -0.20734759197073E+05  0.34956255927889E+04 -0.52054396414333E+04 -0.44658692252290E+04 -0.46887079079787E+05  0.10418525396053E+05  0.18500015874302E+04 -0.38140096053559E+03 -0.60403254816171E-10 -0.54604869828780E-11 -0.45913236303443E-12 -0.18709144250147E+04  0.34231895260169E+03 -0.17560419391169E+04 -0.12166199204377E+04  0.25937708443408E+04  0.67450174175099E+03  0.19772509243275E+03 -0.28473594661612E+02 -0.10925707750319E+03  0.13351551277819E+03  0.00000000000000E+00  0.64696619483381E+05  0.00000000000000E+00  0.00000000000000E+00  0.00000000000000E+00  0.00000000000000E+00  0.00000000000000E+00  0.00000000000000E+00  0.00000000000000E+00  0.00000000000000E+00  0.00000000000000E+00  0.00000000000000E+00  0.00000000000000E+00  0.00000000000000E+00  0.00000000000000E+00  0.00000000000000E+00  0.00000000000000E+00  0.00000000000000E+00  0.00000000000000E+00  0.00000000000000E+00  0.00000000000000E+00  0.00000000000000E+00  0.00000000000000E+00  0.00000000000000E+00
  -0.43331259626572E+04 -0.25167054347095E+03  0.56171304164079E+02 -0.59233649390455E+02 -0.60967378352668E+02  0.19231302785268E+03  0.15629171392458E+03 -0.65460599116072E+05  0.23674902570866E+05  0.71688079591607E+03 -0.35106466732524E+03 -0.64703837584205E+03 -0.26015055972713E+02 -0.41245947511709E+01 -0.25213682337862E+04  0.29589652138136E+03 -0.26265372506963E+04 -0.13221413486284E+04  0.00000000000000E+00  0.00000000000000E+00  0.00000000000000E+00  0.31912757041981E+01 -0.39325491609053E+02 -0.62881794924816E+01  0.00000000000000E+00  0.00000000000000E+00  0.30874953925179E+05  0.00000000000000E+00  0.00000000000000E+00  0.00000000000000E+00  0.00000000000000E+00  0.00000000000000E+00  0.00000000000000E+00  0.00000000000000E+00  0.00000000000000E+00  0.00000000000000E+00  0.00000000000000E+00  0.00000000000000E+00  0.00000000000000E+00  0.00000000000000E+00  0.00000000000000E+00  0.00000000000000E+00  0.00000000000000E+00  0.00000000000000E+00  0.00000000000000E+00  0.00000000000000E+00  0.00000000000000E+00  0.00000000000000E+00
  -0.84113681410656E+06  0.20989352129007E+06 -0.40095530321768E+05 -0.62551091548755E+05  0.12908292652269E+05 -0.12123616988916E+05 -0.12129372361475E+05 -0.27556901741122E+06  0.64576776900521E+05  0.10813109032824E+05 -0.21914017301696E+04 -0.47660449417897E+04 -0.56961661981077E+03 -0.33442693977254E+00  0.19630532761409E+04 -0.15051102694582E+03  0.22449256213621E+04  0.10396754574667E+04  0.00000000000000E+00  0.00000000000000E+00  0.00000000000000E+00  0.54460528058223E+03 -0.66257970905104E+04  0.38923742600037E+05  0.00000000000000E+00  0.00000000000000E+00  0.00000000000000E+00  0.58414782972532E+06  0.00000000000000E+00  0.00000000000000E+00  0.00000000000000E+00  0.00000000000000E+00  0.00000000000000E+00  0.00000000000000E+00  0.00000000000000E+00  0.00000000000000E+00  0.00000000000000E+00  0.00000000000000E+00  0.00000000000000E+00  0.00000000000000E+00  0.00000000000000E+00  0.00000000000000E+00  0.00000000000000E+00  0.00000000000000E+00  0.00000000000000E+00  0.00000000000000E+00  0.00000000000000E+00  0.00000000000000E+00
  -0.10775531787605E+07  0.26191100538698E+06 -0.51623416418616E+05 -0.32565496146545E+06  0.68150555954088E+05 -0.59884274537915E+05 -0.63197103960677E+05 -0.54444848488754E+06  0.12329355417598E+06  0.22598043224091E+05 -0.43912918959120E+04  0.26796517456548E-09 -0.76873473261485E-11  0.96996721567487E-12  0.43902196812517E+04 -0.50435074908667E+03  0.47837304500425E+04  0.26232912644134E+04  0.40956237284298E+05  0.15424371007493E+05  0.67207888607056E+04 -0.67360370156038E+02 -0.11615245207472E+05  0.63123761561515E+05  0.00000000000000E+00  0.00000000000000E+00  0.00000000000000E+00  0.00000000000000E+00  0.92281857929134E+06  0.00000000000000E+00  0.00000000000000E+00  0.00000000000000E+00  0.00000000000000E+00  0.00000000000000E+00  0.00000000000000E+00  0.00000000000000E+00  0.00000000000000E+00  0.00000000000000E+00  0.00000000000000E+00  0.00000000000000E+00  0.00000000000000E+00  0.00000000000000E+00  0.00000000000000E+00  0.00000000000000E+00  0.00000000000000E+00  0.00000000000000E+00  0.00000000000000E+00  0.00000000000000E+00
  -0.20824096435196E+05  0.58741165635965E+04 -0.10421448296822E+04 -0.12566222110560E+04  0.35761057751568E+03 -0.68361436352708E+02 -0.21307536136393E+03 -0.72688635869973E+05  0.23310027656722E+05  0.15404434710090E+04 -0.47245310826296E+03 -0.22549325638756E+04 -0.14420296865049E+03 -0.19171996876125E+01 -0.15908636457287E+04  0.17001676865100E+03 -0.13784336145811E+04 -0.70116370190094E+03  0.00000000000000E+00  0.00000000000000E+00  0.00000000000000E+00  0.00000000000000E+00  0.00000000000000E+00  0.00000000000000E+00  0.00000000000000E+00  0.00000000000000E+00  0.00000000000000E+00  0.00000000000000E+00  0.00000000000000E+00  0.15207186820124E+05  0.00000000000000E+00  0.00000000000000E+00  0.00000000000000E+00  0.00000000000000E+00  0.00000000000000E+00  0.00000000000000E+00  0.00000000000000E+00  0.00000000000000E+00  0.00000000000000E+00  0.00000000000000E+00  0.00000000000000E+00  0.00000000000000E+00  0.00000000000000E+00  0.00000000000000E+00  0.00000000000000E+00  0.00000000000000E+00  0.00000000000000E+00  0.00000000000000E+00
  -0.47387205294910E+05  0.13536782301155E+05 -0.23830828148096E+04 -0.23212468114038E+04  0.64000854675416E+03 -0.15688725446531E+03 -0.38161531941710E+03 -0.16429817731761E+06  0.52738143163438E+05  0.34213700407313E+04 -0.10688823101974E+04 -0.74368495296006E+02 -0.19684800358016E+02 -0.24080017600590E-05 -0.31797313439235E+04  0.33847822788057E+03 -0.27690153048243E+04 -0.14097680434446E+04  0.00000000000000E+00  0.00000000000000E+00  0.00000000000000E+00  0.00000000000000E+00  0.00000000000000E+00  0.00000000000000E+00  0.00000000000000E+00  0.00000000000000E+00  0.00000000000000E+00  0.00000000000000E+00  0.00000000000000E+00  0.00000000000000E+00  0.33662341957691E+05  0.00000000000000E+00  0.00000000000000E+00  0.00000000000000E+00  0.00000000000000E+00  0.00000000000000E+00  0.00000000000000E+00  0.00000000000000E+00  0.00000000000000E+00  0.00000000000000E+00  0.00000000000000E+00  0.00000000000000E+00  0.00000000000000E+00  0.00000000000000E+00  0.00000000000000E+00  0.00000000000000E+00  0.00000000000000E+00  0.00000000000000E+00
  -0.30424011069241E+04  0.41509381338975E+03 -0.11964132437311E+03 -0.65027139614632E+02  0.87051266700278E+01 -0.20571778569690E+02 -0.13917995463719E+02 -0.12626050075335E+04  0.16125554119391E+03  0.41500479919045E+02 -0.11442623665828E+02 -0.72989896922030E+02 -0.60253004631311E+01 -0.89340764717489E-01 -0.73298923113605E+03  0.83758869831555E+02 -0.63292262106708E+03 -0.35042149387649E+03  0.00000000000000E+00  0.00000000000000E+00  0.00000000000000E+00  0.00000000000000E+00  0.00000000000000E+00  0.00000000000000E+00  0.00000000000000E+00  0.00000000000000E+00  0.00000000000000E+00  0.00000000000000E+00  0.00000000000000E+00  0.00000000000000E+00  0.00000000000000E+00  0.37710770708129E+04  0.00000000000000E+00  0.00000000000000E+00  0.00000000000000E+00  0.00000000000000E+00  0.00000000000000E+00  0.00000000000000E+00  0.00000000000000E+00  0.00000000000000E+00  0.00000000000000E+00  0.00000000000000E+00  0.00000000000000E+00  0.00000000000000E+00  0.00000000000000E+00  0.00000000000000E+00  0.00000000000000E+00  0.00000000000000E+00
  -0.19860421119673E+06  0.63559478219875E+05 -0.10193523107955E+05 -0.10739015371173E+05  0.33219136091603E+04 -0.28081746905023E+03 -0.15131935880322E+04 -0.58166321989070E+04  0.64584247786068E+03  0.58833396974838E+03 -0.54829533156657E+02 -0.23629838030791E+00 -0.16803263047294E+00  0.11859384526274E-13  0.28749340449093E+03 -0.79599013237381E+02  0.70843084298232E+02  0.11417254390260E+03  0.00000000000000E+00  0.00000000000000E+00  0.00000000000000E+00  0.22182013309953E+04  0.32437654154721E+04  0.16624415885515E+05  0.00000000000000E+00  0.00000000000000E+00  0.00000000000000E+00  0.00000000000000E+00  0.00000000000000E+00  0.00000000000000E+00  0.00000000000000E+00  0.00000000000000E+00  0.10647746660926E+06  0.00000000000000E+00  0.00000000000000E+00  0.00000000000000E+00  0.00000000000000E+00  0.00000000000000E+00  0.00000000000000E+00  0.00000000000000E+00  0.00000000000000E+00  0.00000000000000E+00  0.00000000000000E+00  0.00000000000000E+00  0.00000000000000E+00  0.00000000000000E+00  0.00000000000000E+00  0.00000000000000E+00
