# fitpack15: fit parameters                                                                         
# CJ15 AV18 final data choices                                                                      
# Created on 02/03/2020 at 20:26:37                                                                 

 # QCD setup
  INS                           0
  NVL                          11
  IORD                          1
  Q02                   1.6899999999999999     
  IPARAMC                       7
  FLAVOR                4.0000000000000000     
  xmc                   1.3000000000000000     
  xmb                   4.5000000000000000     
  ncb                          12
  ihq                           1
  ias                           0

 # Theory corrections
  inuke                     10114
  itmc                          1
  iht                           1

 # fit parameters
 LAMBDA       0.22680        0.0000    
 a0uv          1.9979        0.0000    
 a1uv         0.57295       0.23448E-01
 a2uv          3.5570       0.11870E-01
 a3uv          0.0000        0.0000    
 a4uv          4.4315       0.61863    
 a5uv          0.0000        0.0000    
 a0dv          24.662        0.0000    
 a1dv          1.1548       0.34031E-01
 a2dv          6.6344       0.16636    
 a3dv         -3.5314       0.89260E-01
 a4dv          4.7502       0.14374    
 a5dv          0.0000        0.0000    
 a0ud         0.14230       0.49913E-02
 a1ud        -0.21056       0.38122E-02
 a2ud          8.4602       0.18756    
 a3ud          0.0000        0.0000    
 a4ud          15.554        1.3200    
 a5ud          0.0000        0.0000    
 a0du          35712.        0.0000    
 a1du          4.1065       0.97401E-01
 a2du          20.579        1.0447    
 a3du          17.000        0.0000    
 a4du          54.158        12.876    
 a0g           46.257        0.0000    
 a1g          0.60482       0.29859E-01
 a2g           6.1490       0.83608    
 a3g          -3.3874       0.12344    
 a4g           3.2785       0.28998    
 a5g           0.0000        0.0000    
 kappa        0.40000        0.0000    
 a6dv        -0.42862E-02   0.74601E-03
 a7dv          2.0000        0.0000    
 off1        -0.10749       0.12114    
 off2         0.34020       0.76238    
 off3        -0.73432        1.1409    
 ht1          -3.3664       0.32637    
 ht2           1.9717       0.12598    
 ht3          -2.0676       0.36021E-01
 ht4           0.0000        0.0000    
 ht1n         -3.2992       0.89361    
 ht2n          1.8353       0.31125    
 ht3n         -2.2413       0.90591E-01
 ht4n          0.0000        0.0000    
 dummy45       0.0000        0.0000    
 dummy46       0.0000        0.0000    
 dummy47       0.0000        0.0000    
 dummy48       0.0000        0.0000    
 dummy49       0.0000        0.0000    
 bcdmsh2      0.96909       0.48724E-02
 bcdmsd2      0.99118       0.58896E-02
 ccfr          1.0000        0.0000    
 nutev         1.0000        0.0000    
 zeus         0.97998        0.0000    
 h1            1.0162        0.0000    
 e605          1.0319        0.0000    
 NmcH2         1.0060       0.71318E-02
 ntv_nu        1.0000        0.0000    
 ntv_nubar     1.0000        0.0000    
 cdf_jet      0.98910        0.0000    
 d0_jet       0.83504        0.0000    
 slac_p       0.99946       0.51566E-02
 slac_d        1.0022       0.53734E-02
 e866pp       0.98103       0.19867E-01
 e866pd       0.95976       0.17993E-01
 d0_gamjet     1.0376       0.16517E-01
 h1b          0.97608        0.0000    
 jlab_p       0.98942       0.63294E-02
 jlab_d       0.97663       0.61335E-02
 blank         1.0000        0.0000    
 d0run2       0.95294       0.15011E-01
 cdfrun2      0.93710       0.17671E-01
 HERA_el       1.0000        0.0000    
 HERA_ps       1.0000        0.0000    
 CDF_Z        0.95635       0.67566E-02
 NmcRat        1.0000        0.0000    
 BNS_F2nd     0.98332       0.11791E-01
 HERMES_F2p   0.99384       0.57357E-02
 HERMES_F2d   0.97772       0.58827E-02
 END 0. 0.

 # Hessian matrix (Bevington alpha)
   0.51866855706522E+07 -0.13354123925645E+07  0.19802350422766E+06  0.50377203311681E+06 -0.12629344695711E+06 -0.30265269767330E+05  0.52323178607020E+05  0.96754861147942E+06 -0.18115144480800E+06 -0.49184606565539E+05  0.72533617555137E+04  0.13864012888733E+05  0.15235269294096E+04 -0.10564416851621E+03  0.10202198877649E+05 -0.24851757720169E+04  0.13738526872929E+05  0.97408010919503E+04 -0.77699362814109E+07 -0.67659259700705E+05 -0.29743308339773E+05 -0.14369531943851E+05 -0.15126830987323E+05 -0.61052391385716E+04 -0.19136712435964E+06 -0.46553985247385E+04 -0.37027234422139E+04 -0.42672998615064E+05 -0.13169907967048E+06 -0.55755623148649E+05 -0.51652333090911E+04 -0.87011656662301E+06 -0.11246640547013E+07 -0.20916059462064E+05 -0.47890552515423E+05 -0.31879056728292E+04 -0.20533991120276E+06 -0.23100936657013E+06 -0.90265226507046E+04 -0.31965118568438E+04 -0.17962071062432E+05  0.16842019132964E+05 -0.74105643939017E+05 -0.58355090308011E+05
  -0.13354123925645E+07  0.41889093356800E+06 -0.52125939932424E+05 -0.13836396938702E+06  0.34157985688721E+05  0.10886302758107E+05 -0.10961299189682E+05 -0.12387375667215E+06  0.26405390229423E+05  0.72764620785300E+04 -0.87675977968345E+03 -0.10856472482067E+04 -0.12241884804530E+03  0.12694326433151E+02  0.74968294286199E+03 -0.73570740656443E+02  0.23271529442410E+03  0.15336659448145E+03  0.26056792305967E+07  0.17454965045151E+05  0.86654919120766E+04  0.45610295823663E+04  0.69702406212430E+04  0.74739987276843E+04  0.56114379019642E+05  0.18423240447046E+04  0.21526363291415E+04  0.11662145254678E+05  0.16763046753607E+05  0.82926291176074E+04 -0.19692470549103E+03  0.21155268383289E+06  0.26728918960672E+06  0.57382002577590E+04  0.13331423022167E+05  0.42196298519143E+03  0.64113882787869E+05  0.71808877211519E+05  0.23983271964114E+04  0.76206791860491E+03 -0.21992520803319E+04 -0.22635240632686E+04  0.87072010082924E+04  0.73376679648562E+04
   0.19802350422766E+06 -0.52125939932424E+05  0.76167685912284E+04  0.19113432122521E+05 -0.48942784710449E+04 -0.13912371314913E+04  0.19265844855409E+04  0.27773340658990E+05 -0.50538822489119E+04 -0.16562966539402E+04  0.21176364963458E+03  0.37831720961620E+03  0.47086617350076E+02 -0.40418035468096E+01 -0.26560063444256E+03 -0.15759623589287E+02 -0.11944552682513E+03  0.14111655522286E+02 -0.30482895981495E+06 -0.25666118107432E+04 -0.11463446607056E+04 -0.55839328324342E+03 -0.62521798776395E+03 -0.37806831202378E+03 -0.74319265719596E+04 -0.18999472506236E+03 -0.17445720745088E+03 -0.16497278156529E+04 -0.47233962131246E+04 -0.20049369007624E+04  0.20471356294887E+02 -0.32444622622209E+05 -0.42176504581540E+05 -0.80999024263354E+03 -0.18624540955571E+04 -0.10168718368286E+03 -0.80712539678507E+04 -0.90740872137190E+04 -0.34521624180011E+03 -0.12090829951547E+03 -0.59196940395480E+02  0.60890259171710E+03 -0.22438801314907E+04 -0.18119672789270E+04
   0.50377203311681E+06 -0.13836396938702E+06  0.19113432122521E+05  0.40199241039442E+06 -0.61898222634629E+05  0.73540557701761E+05  0.63482435982598E+05  0.35490245003032E+06 -0.26463009432271E+05 -0.18010486055225E+05  0.31701147330131E+04 -0.13269574920732E+04 -0.14144042290697E+03  0.54915806522649E+02  0.31956085238337E+05 -0.41182575720759E+04  0.31133170925914E+05  0.17620742727858E+05 -0.22651167146597E+07 -0.19356223180729E+05 -0.78716133517701E+04 -0.34458552995428E+04 -0.11548196769516E+04  0.12167050098370E+04 -0.27806537035140E+05 -0.61159074629409E+03  0.50079837592585E+03 -0.13384610895580E+05 -0.12790515391299E+05 -0.21208868165951E+05 -0.76617038216507E+02 -0.66461201263269E+05 -0.34478193057660E+06 -0.13211094202921E+04 -0.24972120654433E+04 -0.69428310096797E+02 -0.11800588959315E+05 -0.53272990785752E+05 -0.24118409976093E+04 -0.94155569741784E+03 -0.99985603853526E+04 -0.15955386842504E+05 -0.72672801110501E+04 -0.21537447131222E+05
  -0.12629344695711E+06  0.34157985688721E+05 -0.48942784710449E+04 -0.61898222634629E+05  0.11226582608652E+05 -0.73526726356778E+04 -0.89829872396115E+04 -0.32386616149428E+05  0.40258211726088E+03  0.23046944266117E+04 -0.31440639008709E+03 -0.12601277864443E+02  0.51128369573716E+01 -0.48579027312681E+01 -0.26776308287873E+04  0.35484527154029E+03 -0.25267699717886E+04 -0.14537478443600E+04  0.47652076113547E+06  0.35252371262145E+04  0.15740485143015E+04  0.72709334635372E+03  0.39414245931867E+03  0.22658314196799E+03  0.59627444479030E+04  0.22523915748484E+03  0.19960813559248E+03  0.27267838772676E+04  0.19767195664522E+04  0.33273865816378E+04 -0.56370232562081E+02  0.11659690943874E+05  0.62069496217527E+05  0.30643007602258E+03  0.55747602804849E+03  0.87479120183643E+01  0.28476109886416E+04  0.12730830893753E+05  0.44847343205035E+03  0.16723570109656E+03  0.39313400844834E+03  0.25101060701278E+04  0.80878979042499E+03  0.25061979712830E+04
  -0.30265269767330E+05  0.10886302758107E+05 -0.13912371314913E+04  0.73540557701761E+05 -0.73526726356778E+04  0.23886319885130E+05  0.14277661048434E+05  0.10669224016009E+06 -0.97747186336700E+04 -0.44434779308399E+04  0.93487469424264E+03 -0.65679369530679E+03 -0.61446813164938E+02  0.18377874861704E+02  0.96587738576229E+04 -0.12742927691204E+04  0.95917469467093E+04  0.55007798143618E+04 -0.40374657714300E+05 -0.19211941112658E+04 -0.41001405988434E+03 -0.45846706972179E+02  0.45942024452341E+03  0.14399723209422E+04 -0.54400172286512E+03  0.26589445969839E+03  0.85532919361087E+03 -0.76873308936706E+03 -0.27109877162668E+04 -0.41477370035579E+04  0.14644250290792E+03 -0.83411714161876E+04 -0.40368466614790E+05  0.16301953786091E+02 -0.54696896031254E+01 -0.18166748541630E+02  0.45929162612807E+03  0.18489733240339E+04 -0.23237279100254E+03 -0.12146035800105E+03 -0.31543299860191E+04 -0.32610809800050E+04 -0.18371158520256E+04 -0.52616737410947E+04
   0.52323178607020E+05 -0.10961299189682E+05  0.19265844855409E+04  0.63482435982598E+05 -0.89829872396115E+04  0.14277661048434E+05  0.11120345088641E+05  0.58776119811191E+05 -0.31400058836091E+04 -0.31663875841290E+04  0.54289556269805E+03 -0.21732944087517E+03 -0.25024849631796E+02  0.96506027308319E+01  0.49942884489228E+04 -0.67415852670454E+03  0.48030415182984E+04  0.27971481182250E+04 -0.23466733884204E+06 -0.25857899281031E+04 -0.94061560959044E+03 -0.35550911278444E+03  0.90944524060970E+02  0.67773342014492E+03 -0.30457930671648E+04  0.42564957658822E+02  0.34068096916029E+03 -0.17232394115801E+04 -0.24315565515134E+04 -0.38117908442538E+04  0.13431952210945E+03 -0.97281617219075E+04 -0.50684867527341E+05 -0.14665879971548E+03 -0.27030643098185E+03 -0.12714924031774E+02 -0.96704444267113E+03 -0.44961953826294E+04 -0.33991331505661E+03 -0.14464760546624E+03 -0.13504925095677E+04 -0.31067977490532E+04 -0.11354912453590E+04 -0.33815405508459E+04
   0.96754861147942E+06 -0.12387375667215E+06  0.27773340658990E+05  0.35490245003032E+06 -0.32386616149428E+05  0.10669224016009E+06  0.58776119811191E+05  0.52954307370435E+07 -0.23852679911257E+07 -0.87490744070326E+05  0.25731517452729E+05  0.24235467367192E+05  0.16220131965977E+04  0.95526365258279E+02  0.88437215925503E+05 -0.11723146757600E+05  0.10002067276298E+06  0.54256288982331E+05 -0.56946498073998E+06 -0.36732101656905E+05 -0.72501478663283E+04 -0.19589968622899E+04  0.50519276304126E+04  0.25538331393545E+05 -0.20801940366277E+05  0.21963276412331E+04  0.10205668263690E+05 -0.89493050501707E+04 -0.62339064692953E+05 -0.49550632801019E+05 -0.69895823834810E+05 -0.29294799701619E+06 -0.56978813843773E+06 -0.73533182240563E+05 -0.16720212046981E+06 -0.14091545654315E+04 -0.56319929062580E+04 -0.11101921921135E+05  0.51433559399302E+03  0.35703023456726E+03 -0.27266688413152E+06 -0.83527475954534E+04 -0.14382848634343E+06 -0.17597471632154E+06
  -0.18115144480800E+06  0.26405390229423E+05 -0.50538822489119E+04 -0.26463009432271E+05  0.40258211726088E+03 -0.97747186336700E+04 -0.31400058836091E+04 -0.23852679911257E+07  0.19220785848305E+07  0.19096989799724E+05 -0.63589488344934E+04 -0.51278386836676E+04 -0.28189793619781E+03 -0.13161136592262E+02  0.49442627618796E+05 -0.24412959525419E+04  0.18017896872606E+05  0.89671872330703E+04 -0.26459715458056E+05  0.91270359265422E+04  0.14252762481631E+04  0.32866931644225E+03 -0.11711871778025E+04 -0.61803034423528E+04  0.32624569643567E+04 -0.55712579244778E+03 -0.26264130043940E+04  0.15013304695344E+04  0.11426505283701E+05  0.10702704730212E+05  0.24594177221369E+05  0.66762938072243E+05  0.12549654172711E+06  0.22826973037999E+05  0.52008117400826E+05  0.19208338970117E+03  0.63271717148999E+03  0.12727834637271E+04 -0.13198329149797E+04 -0.71957097602117E+03  0.11274635895220E+06  0.14940795235144E+04  0.45134261795293E+05  0.54713800159243E+05
  -0.49184606565539E+05  0.72764620785300E+04 -0.16562966539402E+04 -0.18010486055225E+05  0.23046944266117E+04 -0.44434779308399E+04 -0.31663875841290E+04 -0.87490744070326E+05  0.19096989799724E+05  0.26008922842620E+04 -0.60807443290418E+03 -0.60087391036235E+03 -0.52508300873280E+02 -0.17104892233238E+01 -0.40938584734851E+04  0.52846452817941E+03 -0.40521253435986E+04 -0.23089744011444E+04  0.55056407430570E+05  0.12630911868469E+04  0.34718942879449E+03  0.11507180677604E+03 -0.15100327819261E+03 -0.76468747667946E+03  0.13060717348356E+04 -0.54767517060470E+02 -0.27275665219656E+03  0.51828085795370E+03  0.27261206295444E+04  0.18684224960182E+04  0.73493778606212E+03  0.10926891982048E+05  0.22525363274964E+05  0.14874052683228E+04  0.33224619056802E+04  0.43658414399229E+02  0.54090636780382E+03  0.10316301386031E+04  0.12055846472286E+03  0.54326074245219E+02  0.31179104009149E+04  0.41741962983884E+03  0.28264822841009E+04  0.35435109436489E+04
   0.72533617555137E+04 -0.87675977968345E+03  0.21176364963458E+03  0.31701147330131E+04 -0.31440639008709E+03  0.93487469424264E+03  0.54289556269805E+03  0.25731517452729E+05 -0.63589488344934E+04 -0.60807443290418E+03  0.16650177521092E+03  0.17128715096487E+03  0.12382013961798E+02  0.64371265559817E+00  0.12455649647712E+04 -0.14444380732770E+03  0.11850421587347E+04  0.64858534482722E+03 -0.59411402196862E+04 -0.24020625943715E+03 -0.51977112935506E+02 -0.14646734899131E+02  0.34658553619242E+02  0.17115477130640E+03 -0.15796830487710E+03  0.14462283350920E+02  0.66388919130065E+02 -0.66971040068506E+02 -0.46262127458179E+03 -0.34585433078303E+03 -0.33526282254687E+03 -0.20000721846835E+04 -0.39399626471660E+04 -0.41893166460660E+03 -0.95241944919443E+03 -0.10906315163090E+02 -0.44491931030011E+02 -0.87636043637205E+02 -0.11608995095958E+02 -0.56082071228545E+01 -0.11322183301452E+04 -0.61834458235014E+02 -0.81748393499605E+03 -0.10071781724559E+04
   0.13864012888733E+05 -0.10856472482067E+04  0.37831720961620E+03 -0.13269574920732E+04 -0.12601277864443E+02 -0.65679369530679E+03 -0.21732944087517E+03  0.24235467367192E+05 -0.51278386836676E+04 -0.60087391036235E+03  0.17128715096487E+03  0.13166419085914E+04  0.87215085754577E+02 -0.10923876740625E+01  0.12723455727906E+04 -0.18711340970240E+03  0.15594306348227E+04  0.89962099098480E+03 -0.53710652757441E+04  0.23936977790703E+03  0.23176137298038E+02  0.20222994425612E+00  0.54165927946764E+02  0.29889996913621E+03 -0.54808907763565E+02 -0.11182333754884E+02 -0.56779108723387E+02  0.70766472237212E+01 -0.10035091067605E+04 -0.68581005665213E-01 -0.62631194700819E+03 -0.45000286567542E+04 -0.13420963997085E+02 -0.20501808142929E+04 -0.59423167006786E+02 -0.70433687487744E+02 -0.14560997430551E+00  0.62778559551360E-02 -0.15214609622924E+01 -0.65850988084065E+00  0.25385480155988E+03  0.26018294309206E+03 -0.24409159768172E+04 -0.49074029259293E+01
   0.15235269294096E+04 -0.12241884804530E+03  0.47086617350076E+02 -0.14144042290697E+03  0.51128369573716E+01 -0.61446813164938E+02 -0.25024849631796E+02  0.16220131965977E+04 -0.28189793619781E+03 -0.52508300873280E+02  0.12382013961798E+02  0.87215085754577E+02  0.77655704341112E+01 -0.15313645698794E+00  0.71934603318177E+02 -0.12754824420185E+02  0.95128601482100E+02  0.59391935385147E+02 -0.25258045460451E+03  0.12669682628828E+02  0.16794134877057E+01  0.29118250716006E-01  0.68893712369032E+01  0.32955676412094E+02 -0.11492589689342E+02 -0.13168958332592E+01 -0.54755503064057E+01  0.22577087028807E+01 -0.14459043996159E+03 -0.71218959533396E-02 -0.24657275629580E+02 -0.51877958275613E+03 -0.10146090499272E+01 -0.12827231416053E+03 -0.15222228488630E+02 -0.56570714931356E+01 -0.10214183306846E+00  0.36665914149242E-02 -0.15802382490677E+00 -0.62178570382646E-01  0.25232038471571E+02  0.57309041949713E+02 -0.17548519257521E+03 -0.33066168375965E+00
  -0.10564416851621E+03  0.12694326433151E+02 -0.40418035468096E+01  0.54915806522649E+02 -0.48579027312681E+01  0.18377874861704E+02  0.96506027308319E+01  0.95526365258279E+02 -0.13161136592262E+02 -0.17104892233238E+01  0.64371265559817E+00 -0.10923876740625E+01 -0.15313645698794E+00  0.47760774084714E-01  0.14060949282194E+02 -0.11112638535730E+01  0.98720660252005E+01  0.47062373708188E+01 -0.78169633774819E+02  0.14269947977890E+01 -0.32278862779020E-01 -0.18993498537845E-01 -0.23638609358310E-01 -0.64481329069772E-01  0.48187394416132E-01  0.19124267662041E-01  0.63756608861166E-01 -0.40139922811733E-01  0.67426566885567E-01 -0.35307901516412E-04 -0.58000485879405E+01 -0.72342878374632E+00 -0.24704165752096E-02 -0.30178220568480E+01 -0.12760217192166E-04 -0.13264505890724E+00 -0.13793238677851E-12  0.20548286108508E-12 -0.15704452576006E-02 -0.86941039969717E-03 -0.16777400799020E+01  0.33360662854401E-04 -0.29726334470653E+01 -0.49681590462107E-02
   0.10202198877649E+05  0.74968294286199E+03 -0.26560063444256E+03  0.31956085238337E+05 -0.26776308287873E+04  0.96587738576229E+04  0.49942884489228E+04  0.88437215925503E+05  0.49442627618796E+05 -0.40938584734851E+04  0.12455649647712E+04  0.12723455727906E+04  0.71934603318177E+02  0.14060949282194E+02  0.51075323842702E+05 -0.49769024905508E+04  0.41213450736347E+05  0.21746174072093E+05 -0.55392099554207E+05  0.47187457750333E+02  0.61816987515868E+02  0.29519826035809E+02 -0.18443941190197E+02 -0.10543655868276E+03  0.56542085334067E+03 -0.84562156089482E+00 -0.21654011985469E+02  0.21504705074537E+03 -0.29328711568189E+04 -0.19101217382512E+04 -0.24988360572154E+04  0.18960466859882E+04  0.42674625559535E+04 -0.15043649352419E+04 -0.30430016819024E+04 -0.73891898879678E+03  0.32999775866239E+03  0.58738741026380E+03 -0.30103570209622E+04 -0.15798856035503E+04 -0.22043743897454E+04  0.19806056059045E+03 -0.96597868515006E+03 -0.10864275235366E+04
  -0.24851757720169E+04 -0.73570740656443E+02 -0.15759623589287E+02 -0.41182575720759E+04  0.35484527154029E+03 -0.12742927691204E+04 -0.67415852670454E+03 -0.11723146757600E+05 -0.24412959525419E+04  0.52846452817941E+03 -0.14444380732770E+03 -0.18711340970240E+03 -0.12754824420185E+02 -0.11112638535730E+01 -0.49769024905508E+04  0.57036803322467E+03 -0.46044865906229E+04 -0.25288514604253E+04  0.68751084407477E+04  0.55123934923634E+01 -0.98381950355186E+01 -0.60144987259089E+01 -0.53241251052177E+01 -0.13116959532390E+02 -0.12611694791726E+03 -0.33359216129503E+01 -0.78993179387359E+01 -0.45833583819702E+02  0.57795935458118E+03  0.36096093843693E+03  0.29576196386080E+03 -0.12939760669715E+03 -0.47267451037289E+03  0.16422685314388E+03  0.32999056539455E+03  0.85864837485489E+02 -0.94650953577756E+02 -0.16636761234368E+03  0.49652672652685E+03  0.24066304858589E+03 -0.38694148047857E+03 -0.36333755342772E+02  0.28104587274383E+03  0.31492076646540E+03
   0.13738526872929E+05  0.23271529442410E+03 -0.11944552682513E+03  0.31133170925914E+05 -0.25267699717886E+04  0.95917469467093E+04  0.48030415182984E+04  0.10002067276298E+06  0.18017896872606E+05 -0.40521253435986E+04  0.11850421587347E+04  0.15594306348227E+04  0.95128601482100E+02  0.98720660252005E+01  0.41213450736347E+05 -0.46044865906229E+04  0.38119159081591E+05  0.20670059426443E+05 -0.54396971955241E+05  0.83079872560247E+01  0.62171992872414E+02  0.26609026391050E+02 -0.66791233189856E+02 -0.21216833449038E+03  0.48788515558581E+03 -0.18891761923210E+02 -0.58234494471842E+02  0.20773104015172E+03 -0.32049874863506E+04 -0.20488400255994E+04 -0.28163726353815E+04  0.23930966177018E+04  0.52740709922941E+04 -0.14014723228971E+04 -0.28480316186463E+04 -0.70133289042752E+03  0.10366905344964E+03  0.20296994518150E+03 -0.30483038279936E+04 -0.16339373413328E+04  0.17660619342825E+04  0.27749885489444E+03 -0.20031097256567E+04 -0.22204293277436E+04
   0.97408010919503E+04  0.15336659448145E+03  0.14111655522286E+02  0.17620742727858E+05 -0.14537478443600E+04  0.55007798143618E+04  0.27971481182250E+04  0.54256288982331E+05  0.89671872330703E+04 -0.23089744011444E+04  0.64858534482722E+03  0.89962099098480E+03  0.59391935385147E+02  0.47062373708188E+01  0.21746174072093E+05 -0.25288514604253E+04  0.20670059426443E+05  0.11356741333102E+05 -0.30437196500527E+05 -0.15537574660445E+02  0.39567309065409E+02  0.19832868813594E+02 -0.22885914017746E+02 -0.62320889788673E+02  0.39321865859050E+03 -0.36009405933037E+01 -0.95352638202315E+01  0.16070627175197E+03 -0.22556868142616E+04 -0.14070278509248E+04 -0.14189274598514E+04  0.10876835355920E+04  0.28658850516263E+04 -0.71758701062192E+03 -0.14576012914010E+04 -0.38922651581337E+03  0.15057501055160E+03  0.27794979427169E+03 -0.19872698657786E+04 -0.10201895351114E+04  0.18034369663177E+04  0.19139217150977E+03 -0.13736243651557E+04 -0.15244863908241E+04
  -0.77699362814109E+07  0.26056792305967E+07 -0.30482895981495E+06 -0.22651167146597E+07  0.47652076113547E+06 -0.40374657714300E+05 -0.23466733884204E+06 -0.56946498073998E+06 -0.26459715458056E+05  0.55056407430570E+05 -0.59411402196862E+04 -0.53710652757441E+04 -0.25258045460451E+03 -0.78169633774819E+02 -0.55392099554207E+05  0.68751084407477E+04 -0.54396971955241E+05 -0.30437196500527E+05  0.33265112215180E+08  0.18295268550844E+06  0.95041361886776E+05  0.50727886857286E+05  0.46505777150252E+05  0.52804622515778E+05  0.35498146787466E+06  0.21587665495525E+05  0.27024222990026E+05  0.13332480357430E+06  0.33787409719261E+05  0.75545796156145E+05 -0.11787365758321E+04  0.56412450377301E+06  0.27852338435439E+07  0.16571468519540E+05  0.31432273836269E+05  0.20603421851423E+03  0.18345840691894E+06  0.81329556699976E+06  0.23713209531188E+05  0.74933316594238E+04 -0.17814888553639E+05  0.44699339615017E+05  0.20474201900601E+05  0.64268425115879E+05
  -0.67659259700705E+05  0.17454965045151E+05 -0.25666118107432E+04 -0.19356223180729E+05  0.35252371262145E+04 -0.19211941112658E+04 -0.25857899281031E+04 -0.36732101656905E+05  0.91270359265422E+04  0.12630911868469E+04 -0.24020625943715E+03  0.23936977790703E+03  0.12669682628828E+02  0.14269947977890E+01  0.47187457750333E+02  0.55123934923634E+01  0.83079872560247E+01 -0.15537574660445E+02  0.18295268550844E+06  0.30257444520643E+04  0.10336208335959E+04  0.45525931620204E+03  0.12135867329220E+03 -0.18111671196704E+03  0.26600299182120E+04  0.90874801346662E+02 -0.64916492030951E+02  0.12517991381753E+04  0.00000000000000E+00  0.26042095767676E+04  0.00000000000000E+00  0.00000000000000E+00  0.41206050647787E+05  0.00000000000000E+00  0.00000000000000E+00  0.00000000000000E+00  0.00000000000000E+00  0.61629966793525E+04  0.00000000000000E+00  0.00000000000000E+00  0.00000000000000E+00 -0.16972366083232E+04  0.00000000000000E+00  0.41856220903116E+04
  -0.29743308339773E+05  0.86654919120766E+04 -0.11463446607056E+04 -0.78716133517701E+04  0.15740485143015E+04 -0.41001405988434E+03 -0.94061560959044E+03 -0.72501478663283E+04  0.14252762481631E+04  0.34718942879449E+03 -0.51977112935506E+02  0.23176137298038E+02  0.16794134877057E+01 -0.32278862779020E-01  0.61816987515868E+02 -0.98381950355186E+01  0.62171992872414E+02  0.39567309065409E+02  0.95041361886776E+05  0.10336208335959E+04  0.45110695829141E+03  0.21974208019212E+03  0.10143256106517E+03  0.42952669372003E+02  0.12237615096343E+04  0.68146177980110E+02  0.51641224913209E+02  0.57034905270770E+03  0.00000000000000E+00  0.67636452164667E+03  0.00000000000000E+00  0.00000000000000E+00  0.15558770045213E+05  0.00000000000000E+00  0.00000000000000E+00  0.00000000000000E+00  0.00000000000000E+00  0.31283394663287E+04  0.00000000000000E+00  0.00000000000000E+00  0.00000000000000E+00 -0.50494530775045E+03  0.00000000000000E+00  0.87478127673643E+03
  -0.14369531943851E+05  0.45610295823663E+04 -0.55839328324342E+03 -0.34458552995428E+04  0.72709334635372E+03 -0.45846706972179E+02 -0.35550911278444E+03 -0.19589968622899E+04  0.32866931644225E+03  0.11507180677604E+03 -0.14646734899131E+02  0.20222994425612E+00  0.29118250716006E-01 -0.18993498537845E-01  0.29519826035809E+02 -0.60144987259089E+01  0.26609026391050E+02  0.19832868813594E+02  0.50727886857286E+05  0.45525931620204E+03  0.21974208019212E+03  0.11382232750575E+03  0.65614203555258E+02  0.55923643699772E+02  0.60341842646694E+03  0.41474009161993E+02  0.44266661575554E+02  0.27609230518996E+03  0.00000000000000E+00  0.19788092599337E+03  0.00000000000000E+00  0.00000000000000E+00  0.67967646987869E+04  0.00000000000000E+00  0.00000000000000E+00  0.00000000000000E+00  0.00000000000000E+00  0.16300909005229E+04  0.00000000000000E+00  0.00000000000000E+00  0.00000000000000E+00 -0.16645469648912E+03  0.00000000000000E+00  0.26120813273877E+03
  -0.15126830987323E+05  0.69702406212430E+04 -0.62521798776395E+03 -0.11548196769516E+04  0.39414245931867E+03  0.45942024452341E+03  0.90944524060970E+02  0.50519276304126E+04 -0.11711871778025E+04 -0.15100327819261E+03  0.34658553619242E+02  0.54165927946764E+02  0.68893712369032E+01 -0.23638609358310E-01 -0.18443941190197E+02 -0.53241251052177E+01 -0.66791233189856E+02 -0.22885914017746E+02  0.46505777150252E+05  0.12135867329220E+03  0.10143256106517E+03  0.65614203555258E+02  0.25937072713857E+03  0.46102009906654E+03  0.10728581187503E+04  0.50359031217776E+02  0.80975939826450E+02  0.17390640349188E+03 -0.50281373416394E+02 -0.17999080150686E+02  0.30392051575370E+01  0.57254815989660E+03  0.44768694253343E+03  0.00000000000000E+00  0.00000000000000E+00  0.00000000000000E+00  0.22494604325829E+04  0.19229068371436E+04  0.00000000000000E+00  0.00000000000000E+00  0.00000000000000E+00  0.29562647451244E+03 -0.36939027338466E+03 -0.21451260760649E+03
  -0.61052391385716E+04  0.74739987276843E+04 -0.37806831202378E+03  0.12167050098370E+04  0.22658314196799E+03  0.14399723209422E+04  0.67773342014492E+03  0.25538331393545E+05 -0.61803034423528E+04 -0.76468747667946E+03  0.17115477130640E+03  0.29889996913621E+03  0.32955676412094E+02 -0.64481329069772E-01 -0.10543655868276E+03 -0.13116959532390E+02 -0.21216833449038E+03 -0.62320889788673E+02  0.52804622515778E+05 -0.18111671196704E+03  0.42952669372003E+02  0.55923643699772E+02  0.46102009906654E+03  0.11785817577072E+04  0.10127792066297E+04  0.84663700252117E+02  0.18783842119821E+03  0.15704725728393E+03 -0.15817911074012E+03 -0.63941851313328E+02 -0.38605855330657E+02 -0.63443833885687E+04 -0.59806283608476E+04  0.00000000000000E+00  0.00000000000000E+00  0.00000000000000E+00  0.31736617991312E+04  0.26203250628491E+04  0.00000000000000E+00  0.00000000000000E+00  0.00000000000000E+00  0.10883647955600E+04 -0.20323315006867E+04 -0.11783061066529E+04
  -0.19136712435964E+06  0.56114379019642E+05 -0.74319265719596E+04 -0.27806537035140E+05  0.59627444479030E+04 -0.54400172286512E+03 -0.30457930671648E+04 -0.20801940366277E+05  0.32624569643567E+04  0.13060717348356E+04 -0.15796830487710E+03 -0.54808907763565E+02 -0.11492589689342E+02  0.48187394416132E-01  0.56542085334067E+03 -0.12611694791726E+03  0.48788515558581E+03  0.39321865859050E+03  0.35498146787466E+06  0.26600299182120E+04  0.12237615096343E+04  0.60341842646694E+03  0.10728581187503E+04  0.10127792066297E+04  0.11336651411728E+05  0.28167453729696E+03  0.33715308120328E+03  0.20463028771631E+04  0.24990335135372E+03  0.81218573413656E+02 -0.61827218214493E+01  0.37905934430224E+05  0.40375692777045E+05  0.00000000000000E+00  0.00000000000000E+00  0.00000000000000E+00  0.16190721981104E+05  0.13886681346501E+05  0.00000000000000E+00  0.00000000000000E+00  0.00000000000000E+00 -0.23057004636183E+04  0.15494215155161E+04  0.99950526350334E+03
  -0.46553985247385E+04  0.18423240447046E+04 -0.18999472506236E+03 -0.61159074629409E+03  0.22523915748484E+03  0.26589445969839E+03  0.42564957658822E+02  0.21963276412331E+04 -0.55712579244778E+03 -0.54767517060470E+02  0.14462283350920E+02 -0.11182333754884E+02 -0.13168958332592E+01  0.19124267662041E-01 -0.84562156089482E+00 -0.33359216129503E+01 -0.18891761923210E+02 -0.36009405933037E+01  0.21587665495525E+05  0.90874801346662E+02  0.68146177980110E+02  0.41474009161993E+02  0.50359031217776E+02  0.84663700252117E+02  0.28167453729696E+03  0.39348349157679E+02  0.80964520942199E+02  0.11023262621742E+03  0.00000000000000E+00 -0.99894920334486E+01  0.00000000000000E+00  0.00000000000000E+00  0.43779725057517E+03  0.00000000000000E+00  0.00000000000000E+00  0.00000000000000E+00  0.00000000000000E+00  0.12186975990393E+04  0.00000000000000E+00  0.00000000000000E+00  0.00000000000000E+00 -0.24345211010437E+03  0.00000000000000E+00 -0.18352384212159E+03
  -0.37027234422139E+04  0.21526363291415E+04 -0.17445720745088E+03  0.50079837592585E+03  0.19960813559248E+03  0.85532919361087E+03  0.34068096916029E+03  0.10205668263690E+05 -0.26264130043940E+04 -0.27275665219656E+03  0.66388919130065E+02 -0.56779108723387E+02 -0.54755503064057E+01  0.63756608861166E-01 -0.21654011985469E+02 -0.78993179387359E+01 -0.58234494471842E+02 -0.95352638202315E+01  0.27024222990026E+05 -0.64916492030951E+02  0.51641224913209E+02  0.44266661575554E+02  0.80975939826450E+02  0.18783842119821E+03  0.33715308120328E+03  0.80964520942199E+02  0.22388155131186E+03  0.85649423356642E+02  0.00000000000000E+00 -0.37445302151487E+02  0.00000000000000E+00  0.00000000000000E+00 -0.31381002703053E+04  0.00000000000000E+00  0.00000000000000E+00  0.00000000000000E+00  0.00000000000000E+00  0.16688856565466E+04  0.00000000000000E+00  0.00000000000000E+00  0.00000000000000E+00 -0.84598088034368E+03  0.00000000000000E+00 -0.93883244708518E+03
  -0.42672998615064E+05  0.11662145254678E+05 -0.16497278156529E+04 -0.13384610895580E+05  0.27267838772676E+04 -0.76873308936706E+03 -0.17232394115801E+04 -0.89493050501707E+04  0.15013304695344E+04  0.51828085795370E+03 -0.66971040068506E+02  0.70766472237212E+01  0.22577087028807E+01 -0.40139922811733E-01  0.21504705074537E+03 -0.45833583819702E+02  0.20773104015172E+03  0.16070627175197E+03  0.13332480357430E+06  0.12517991381753E+04  0.57034905270770E+03  0.27609230518996E+03  0.17390640349188E+03  0.15704725728393E+03  0.20463028771631E+04  0.11023262621742E+03  0.85649423356642E+02  0.13698605581916E+04  0.00000000000000E+00  0.54387088988155E+02  0.00000000000000E+00  0.00000000000000E+00  0.22556409459447E+05  0.00000000000000E+00  0.00000000000000E+00  0.00000000000000E+00  0.00000000000000E+00  0.65214212620543E+04  0.00000000000000E+00  0.00000000000000E+00  0.00000000000000E+00  0.24379428802961E+04  0.00000000000000E+00  0.65071139476824E+03
  -0.13169907967048E+06  0.16763046753607E+05 -0.47233962131246E+04 -0.12790515391299E+05  0.19767195664522E+04 -0.27109877162668E+04 -0.24315565515134E+04 -0.62339064692953E+05  0.11426505283701E+05  0.27261206295444E+04 -0.46262127458179E+03 -0.10035091067605E+04 -0.14459043996159E+03  0.67426566885567E-01 -0.29328711568189E+04  0.57795935458118E+03 -0.32049874863506E+04 -0.22556868142616E+04  0.33787409719261E+05  0.00000000000000E+00  0.00000000000000E+00  0.00000000000000E+00 -0.50281373416394E+02 -0.15817911074012E+03  0.24990335135372E+03  0.00000000000000E+00  0.00000000000000E+00  0.00000000000000E+00  0.11716828064803E+06  0.00000000000000E+00  0.00000000000000E+00  0.00000000000000E+00  0.00000000000000E+00  0.00000000000000E+00  0.00000000000000E+00  0.00000000000000E+00  0.00000000000000E+00  0.00000000000000E+00  0.00000000000000E+00  0.00000000000000E+00  0.00000000000000E+00  0.00000000000000E+00  0.00000000000000E+00  0.00000000000000E+00
  -0.55755623148649E+05  0.82926291176074E+04 -0.20049369007624E+04 -0.21208868165951E+05  0.33273865816378E+04 -0.41477370035579E+04 -0.38117908442538E+04 -0.49550632801019E+05  0.10702704730212E+05  0.18684224960182E+04 -0.34585433078303E+03 -0.68581005665213E-01 -0.71218959533396E-02 -0.35307901516412E-04 -0.19101217382512E+04  0.36096093843693E+03 -0.20488400255994E+04 -0.14070278509248E+04  0.75545796156145E+05  0.26042095767676E+04  0.67636452164667E+03  0.19788092599337E+03 -0.17999080150686E+02 -0.63941851313328E+02  0.81218573413656E+02 -0.99894920334486E+01 -0.37445302151487E+02  0.54387088988155E+02  0.00000000000000E+00  0.64848577325334E+05  0.00000000000000E+00  0.00000000000000E+00  0.00000000000000E+00  0.00000000000000E+00  0.00000000000000E+00  0.00000000000000E+00  0.00000000000000E+00  0.00000000000000E+00  0.00000000000000E+00  0.00000000000000E+00  0.00000000000000E+00  0.00000000000000E+00  0.00000000000000E+00  0.00000000000000E+00
  -0.51652333090911E+04 -0.19692470549103E+03  0.20471356294887E+02 -0.76617038216507E+02 -0.56370232562081E+02  0.14644250290792E+03  0.13431952210945E+03 -0.69895823834810E+05  0.24594177221369E+05  0.73493778606212E+03 -0.33526282254687E+03 -0.62631194700819E+03 -0.24657275629580E+02 -0.58000485879405E+01 -0.24988360572154E+04  0.29576196386080E+03 -0.28163726353815E+04 -0.14189274598514E+04 -0.11787365758321E+04  0.00000000000000E+00  0.00000000000000E+00  0.00000000000000E+00  0.30392051575370E+01 -0.38605855330657E+02 -0.61827218214493E+01  0.00000000000000E+00  0.00000000000000E+00  0.00000000000000E+00  0.00000000000000E+00  0.00000000000000E+00  0.30772628507499E+05  0.00000000000000E+00  0.00000000000000E+00  0.00000000000000E+00  0.00000000000000E+00  0.00000000000000E+00  0.00000000000000E+00  0.00000000000000E+00  0.00000000000000E+00  0.00000000000000E+00  0.00000000000000E+00  0.00000000000000E+00  0.00000000000000E+00  0.00000000000000E+00
  -0.87011656662301E+06  0.21155268383289E+06 -0.32444622622209E+05 -0.66461201263269E+05  0.11659690943874E+05 -0.83411714161876E+04 -0.97281617219075E+04 -0.29294799701619E+06  0.66762938072243E+05  0.10926891982048E+05 -0.20000721846835E+04 -0.45000286567542E+04 -0.51877958275613E+03 -0.72342878374632E+00  0.18960466859882E+04 -0.12939760669715E+03  0.23930966177018E+04  0.10876835355920E+04  0.56412450377301E+06  0.00000000000000E+00  0.00000000000000E+00  0.00000000000000E+00  0.57254815989660E+03 -0.63443833885687E+04  0.37905934430224E+05  0.00000000000000E+00  0.00000000000000E+00  0.00000000000000E+00  0.00000000000000E+00  0.00000000000000E+00  0.00000000000000E+00  0.58365012706255E+06  0.00000000000000E+00  0.00000000000000E+00  0.00000000000000E+00  0.00000000000000E+00  0.00000000000000E+00  0.00000000000000E+00  0.00000000000000E+00  0.00000000000000E+00  0.00000000000000E+00  0.00000000000000E+00  0.00000000000000E+00  0.00000000000000E+00
  -0.11246640547013E+07  0.26728918960672E+06 -0.42176504581540E+05 -0.34478193057660E+06  0.62069496217527E+05 -0.40368466614790E+05 -0.50684867527341E+05 -0.56978813843773E+06  0.12549654172711E+06  0.22525363274964E+05 -0.39399626471660E+04 -0.13420963997085E+02 -0.10146090499272E+01 -0.24704165752096E-02  0.42674625559535E+04 -0.47267451037289E+03  0.52740709922941E+04  0.28658850516263E+04  0.27852338435439E+07  0.41206050647787E+05  0.15558770045213E+05  0.67967646987869E+04  0.44768694253343E+03 -0.59806283608476E+04  0.40375692777045E+05  0.43779725057517E+03 -0.31381002703053E+04  0.22556409459447E+05  0.00000000000000E+00  0.00000000000000E+00  0.00000000000000E+00  0.00000000000000E+00  0.92159017403008E+06  0.00000000000000E+00  0.00000000000000E+00  0.00000000000000E+00  0.00000000000000E+00  0.00000000000000E+00  0.00000000000000E+00  0.00000000000000E+00  0.00000000000000E+00  0.00000000000000E+00  0.00000000000000E+00  0.00000000000000E+00
  -0.20916059462064E+05  0.57382002577590E+04 -0.80999024263354E+03 -0.13211094202921E+04  0.30643007602258E+03  0.16301953786091E+02 -0.14665879971548E+03 -0.73533182240563E+05  0.22826973037999E+05  0.14874052683228E+04 -0.41893166460660E+03 -0.20501808142929E+04 -0.12827231416053E+03 -0.30178220568480E+01 -0.15043649352419E+04  0.16422685314388E+03 -0.14014723228971E+04 -0.71758701062192E+03  0.16571468519540E+05  0.00000000000000E+00  0.00000000000000E+00  0.00000000000000E+00  0.00000000000000E+00  0.00000000000000E+00  0.00000000000000E+00  0.00000000000000E+00  0.00000000000000E+00  0.00000000000000E+00  0.00000000000000E+00  0.00000000000000E+00  0.00000000000000E+00  0.00000000000000E+00  0.00000000000000E+00  0.14265741381700E+05  0.00000000000000E+00  0.00000000000000E+00  0.00000000000000E+00  0.00000000000000E+00  0.00000000000000E+00  0.00000000000000E+00  0.00000000000000E+00  0.00000000000000E+00  0.00000000000000E+00  0.00000000000000E+00
  -0.47890552515423E+05  0.13331423022167E+05 -0.18624540955571E+04 -0.24972120654433E+04  0.55747602804849E+03 -0.54696896031254E+01 -0.27030643098185E+03 -0.16720212046981E+06  0.52008117400826E+05  0.33224619056802E+04 -0.95241944919443E+03 -0.59423167006786E+02 -0.15222228488630E+02 -0.12760217192166E-04 -0.30430016819024E+04  0.32999056539455E+03 -0.28480316186463E+04 -0.14576012914010E+04  0.31432273836269E+05  0.00000000000000E+00  0.00000000000000E+00  0.00000000000000E+00  0.00000000000000E+00  0.00000000000000E+00  0.00000000000000E+00  0.00000000000000E+00  0.00000000000000E+00  0.00000000000000E+00  0.00000000000000E+00  0.00000000000000E+00  0.00000000000000E+00  0.00000000000000E+00  0.00000000000000E+00  0.00000000000000E+00  0.32038313511207E+05  0.00000000000000E+00  0.00000000000000E+00  0.00000000000000E+00  0.00000000000000E+00  0.00000000000000E+00  0.00000000000000E+00  0.00000000000000E+00  0.00000000000000E+00  0.00000000000000E+00
  -0.31879056728292E+04  0.42196298519143E+03 -0.10168718368286E+03 -0.69428310096797E+02  0.87479120183643E+01 -0.18166748541630E+02 -0.12714924031774E+02 -0.14091545654315E+04  0.19208338970117E+03  0.43658414399229E+02 -0.10906315163090E+02 -0.70433687487744E+02 -0.56570714931356E+01 -0.13264505890724E+00 -0.73891898879678E+03  0.85864837485489E+02 -0.70133289042752E+03 -0.38922651581337E+03  0.20603421851423E+03  0.00000000000000E+00  0.00000000000000E+00  0.00000000000000E+00  0.00000000000000E+00  0.00000000000000E+00  0.00000000000000E+00  0.00000000000000E+00  0.00000000000000E+00  0.00000000000000E+00  0.00000000000000E+00  0.00000000000000E+00  0.00000000000000E+00  0.00000000000000E+00  0.00000000000000E+00  0.00000000000000E+00  0.00000000000000E+00  0.37882125455914E+04  0.00000000000000E+00  0.00000000000000E+00  0.00000000000000E+00  0.00000000000000E+00  0.00000000000000E+00  0.00000000000000E+00  0.00000000000000E+00  0.00000000000000E+00
  -0.20533991120276E+06  0.64113882787869E+05 -0.80712539678507E+04 -0.11800588959315E+05  0.28476109886416E+04  0.45929162612807E+03 -0.96704444267113E+03 -0.56319929062580E+04  0.63271717148999E+03  0.54090636780382E+03 -0.44491931030011E+02 -0.14560997430551E+00 -0.10214183306846E+00 -0.13793238677851E-12  0.32999775866239E+03 -0.94650953577756E+02  0.10366905344964E+03  0.15057501055160E+03  0.18345840691894E+06  0.00000000000000E+00  0.00000000000000E+00  0.00000000000000E+00  0.22494604325829E+04  0.31736617991312E+04  0.16190721981104E+05  0.00000000000000E+00  0.00000000000000E+00  0.00000000000000E+00  0.00000000000000E+00  0.00000000000000E+00  0.00000000000000E+00  0.00000000000000E+00  0.00000000000000E+00  0.00000000000000E+00  0.00000000000000E+00  0.00000000000000E+00  0.10651375233885E+06  0.00000000000000E+00  0.00000000000000E+00  0.00000000000000E+00  0.00000000000000E+00  0.00000000000000E+00  0.00000000000000E+00  0.00000000000000E+00
