# fitpack15: fit parameters                                                                         
# CJ15 AV18 final data choices                                                                      
# Created on 03/21/2020 at 00:22:59                                                                 

 # QCD setup
  INS                           0
  NVL                          11
  IORD                          1
  Q02                   1.6899999999999999     
  IPARAMC                      -7
  FLAVOR                5.0000000000000000     
  xmc                   1.3000000000000000     
  xmb                   4.5000000000000000     
  ncb                          12
  ihq                           1
  ias                           0

 # Theory corrections
  inuke                     10114
  itmc                          1
  iht                           2

 # fit parameters
 LAMBDA       0.22680        0.0000    
 a0uv          1.7922        0.0000    
 a1uv         0.55117       0.25848E-01
 a2uv          3.6056       0.12418E-01
 a3uv          0.0000        0.0000    
 a4uv          5.2696       0.77178    
 a5uv          0.0000        0.0000    
 a0dv          24.796        0.0000    
 a1dv          1.1607       0.34862E-01
 a2dv          6.5579       0.18383    
 a3dv         -3.4790       0.10082    
 a4dv          4.6197       0.15537    
 a5dv          0.0000        0.0000    
 a0ud         0.14166       0.50014E-02
 a1ud        -0.21090       0.38261E-02
 a2ud          8.6672       0.19962    
 a3ud          0.0000        0.0000    
 a4ud          15.973        1.3555    
 a5ud          0.0000        0.0000    
 a0du          35712.        0.0000    
 a1du          4.2270       0.13252    
 a2du          21.064        1.3405    
 a3du          17.000        0.0000    
 a4du          60.749        16.680    
 a0g           42.654        0.0000    
 a1g          0.59118       0.28009E-01
 a2g           5.4957       0.74057    
 a3g          -3.3335       0.11350    
 a4g           3.0960       0.23594    
 a5g           0.0000        0.0000    
 kappa        0.40000        0.0000    
 a6dv         0.33819E-02   0.75632E-03
 a7dv          2.0000        0.0000    
 off1        -0.43552E-01   0.12395    
 off2         -1.7364       0.76986    
 off3          4.0738        1.1046    
 ht1          -5.6106        1.5786    
 ht2           2.4972       0.22846    
 ht3          -2.1229       0.30360E-01
 ht4           2.8320       0.16696    
 dummy41       0.0000        0.0000    
 dummy42       0.0000        0.0000    
 dummy43       0.0000        0.0000    
 dummy44       0.0000        0.0000    
 dummy45       0.0000        0.0000    
 dummy46       0.0000        0.0000    
 dummy47       0.0000        0.0000    
 dummy48       0.0000        0.0000    
 dummy49       0.0000        0.0000    
 bcdmsh2      0.96808       0.51058E-02
 bcdmsd2      0.99143       0.61081E-02
 ccfr          1.0000        0.0000    
 nutev         1.0000        0.0000    
 zeus         0.97998        0.0000    
 h1            1.0162        0.0000    
 e605          1.0319        0.0000    
 NmcH2         1.0045       0.72704E-02
 ntv_nu        1.0000        0.0000    
 ntv_nuba      1.0000        0.0000    
 cdf_jet      0.98910        0.0000    
 d0_jet       0.83504        0.0000    
 slac_p       0.99954       0.53403E-02
 slac_d       0.99893       0.57943E-02
 e866pp       0.98434       0.20059E-01
 e866pd       0.94318       0.17639E-01
 d0_gamje      1.0385       0.16524E-01
 h1b          0.97608        0.0000    
 blank         1.0000        0.0000    
 d0run2       0.95588       0.15623E-01
 cdfrun2      0.94001       0.17980E-01
 HERA_el       1.0000        0.0000    
 HERA_ps       1.0000        0.0000    
 CDF_Z        0.95179       0.69250E-02
 NmcRat        1.0000        0.0000    
 HERMES_F     0.99232       0.59579E-02
 HERMES_F     0.97539       0.61968E-02
 END 0. 0.

 # Hessian matrix (Bevington alpha)
   0.42122158232933E+07 -0.97407030883076E+06  0.13805500802073E+06  0.37082205203293E+06 -0.97433267429070E+05 -0.93312172100592E+04  0.51446528504980E+05  0.96662459015797E+06 -0.18433176611698E+06 -0.45911207116874E+05  0.70240343278249E+04  0.11108210276784E+05  0.12037652243229E+04 -0.90935540621709E+02  0.13752686023739E+05 -0.35271808694374E+04  0.18111274486760E+05  0.13466791190493E+05  0.51250584464431E+07 -0.54145850682616E+05 -0.22323284879766E+05 -0.10243673331225E+05 -0.81034389399063E+04  0.21365776956962E+04 -0.19832122100463E+06 -0.70365266609586E+05 -0.13434177575768E+06 -0.56740693804544E+05 -0.55091360365284E+04 -0.86056211600307E+06 -0.11076857516574E+07 -0.21266975794586E+05 -0.49206965399914E+05 -0.32334933868949E+04 -0.88549799217634E+04 -0.31493876344755E+04 -0.19994068020025E+05 -0.76637704141000E+05 -0.60210177219045E+05
  -0.97407030883076E+06  0.28718798528183E+06 -0.32544028894402E+05 -0.90304619365650E+05  0.24167106942016E+05  0.56164273101629E+04 -0.95272984311070E+04 -0.11125107825321E+06  0.24915241409519E+05  0.59730176792345E+04 -0.75650115417223E+03 -0.83101786549237E+03 -0.92421782801229E+02  0.10934483194081E+02  0.12508231552231E+03  0.13251662501145E+03  0.23563387000792E+03 -0.68230761494333E+02 -0.16512001708615E+07  0.12620122789399E+05  0.60363661789897E+04  0.30904512774480E+04  0.43536406306472E+04  0.70690646712733E+04  0.56006534164840E+05  0.30629504357499E+05  0.16964185992279E+05  0.83089982546350E+04 -0.18522666396333E+03  0.20095890456752E+06  0.25121137454937E+06  0.57333226135791E+04  0.13499084148621E+05  0.41883645933294E+03  0.23155477000644E+04  0.73921645287524E+03 -0.20666569183070E+04  0.87051463303279E+04  0.72458341206617E+04
   0.13805500802073E+06 -0.32544028894402E+05  0.45581117051165E+04  0.11768805195683E+05 -0.32166153582431E+04 -0.54179436357509E+03  0.16046262473716E+04  0.24093603809024E+05 -0.44885369676582E+04 -0.13351956462769E+04  0.17826169183843E+03  0.27752215367492E+03  0.33498598508100E+02 -0.30762853230650E+01 -0.12316275945499E+03 -0.48280988474509E+02 -0.35753607620048E+02  0.96268242249802E+02  0.17129458294818E+06 -0.17572545919359E+04 -0.73459605900020E+03 -0.33949838749940E+03 -0.28674084020925E+03 -0.56958369621976E+02 -0.65773785394341E+04 -0.23734635968370E+04 -0.42319913056807E+04 -0.17861915084902E+04  0.83170962024515E+01 -0.27690928145024E+05 -0.35831283432710E+05 -0.70830251697877E+03 -0.16449223411290E+04 -0.91000048277690E+02 -0.29176447130763E+03 -0.10309121353632E+03 -0.12386360096472E+03 -0.20583325550389E+04 -0.16500429004982E+04
   0.37082205203293E+06 -0.90304619365650E+05  0.11768805195683E+05  0.36472228619949E+06 -0.54876766854018E+05  0.78442201039530E+05  0.62725369179361E+05  0.33909809052303E+06 -0.24996117051083E+05 -0.16634200040115E+05  0.29602297505063E+04 -0.10464553927757E+04 -0.98076895716417E+02  0.45585531540889E+02  0.32694678984111E+05 -0.44298109871768E+04  0.35856504486997E+05  0.20673689385960E+05  0.17469907539205E+07 -0.17166300163340E+05 -0.64853010794085E+04 -0.26358677267023E+04 -0.30969545472535E+03  0.45197570458600E+04 -0.37256879529154E+05 -0.67636269060026E+04 -0.12720370396482E+05 -0.21159792020255E+05 -0.41300206946529E+02 -0.65483448518978E+05 -0.33831144675641E+06 -0.12293953457191E+04 -0.25011477290621E+04 -0.65659785028401E+02 -0.23322966639254E+04 -0.91376441360222E+03 -0.99476191376622E+04 -0.73159031690606E+04 -0.21702494997298E+05
  -0.97433267429070E+05  0.24167106942016E+05 -0.32166153582431E+04 -0.54876766854018E+05  0.98996139733124E+04 -0.83461748843157E+04 -0.88994803589863E+04 -0.29346139754638E+05 -0.51606009976578E+01  0.20552280264758E+04 -0.28308718878976E+03 -0.10375328193789E+02  0.24506387893187E+01 -0.40308107602955E+01 -0.28734411203649E+04  0.41491377591838E+03 -0.29866027438661E+04 -0.17818080159934E+04 -0.37707425192614E+06  0.30229835556509E+04  0.12813262507053E+04  0.56133252403641E+03  0.23752842777337E+03 -0.76165258243664E+01  0.79247421768892E+04  0.19576296445697E+04  0.19896780007358E+04  0.33712736749977E+04 -0.60611312406873E+02  0.11830273783718E+05  0.62293198520394E+05  0.30201792604972E+03  0.59022391460327E+03  0.83395797453516E+01  0.45469822059341E+03  0.16882996252053E+03  0.38042460870014E+03  0.82474100077683E+03  0.25373031889525E+04
  -0.93312172100592E+04  0.56164273101629E+04 -0.54179436357509E+03  0.78442201039530E+05 -0.83461748843157E+04  0.25012352701834E+05  0.15262880229500E+05  0.10803962383529E+06 -0.97317404423959E+04 -0.45442695707278E+04  0.92460505377311E+03 -0.50309758055390E+03 -0.43341947929955E+02  0.15460550008626E+02  0.98876071383753E+04 -0.13447212730895E+04  0.11237677722367E+05  0.65094108819557E+04  0.95972804686629E+05 -0.25755901904733E+04 -0.66262648002843E+03 -0.15592380483596E+03  0.46079076331261E+03  0.27663875782277E+04 -0.24457405593330E+04  0.12533707865924E+04 -0.28829440634710E+04 -0.44624893903501E+04  0.16515147986910E+03 -0.96562854418319E+04 -0.47736624303250E+05 -0.18640470471933E+01 -0.43404552539182E+02 -0.18139170103086E+02 -0.26395748204981E+03 -0.13264677172358E+03 -0.31420018391756E+04 -0.19230239280175E+04 -0.55801285967458E+04
   0.51446528504980E+05 -0.95272984311070E+04  0.16046262473716E+04  0.62725369179361E+05 -0.88994803589863E+04  0.15262880229500E+05  0.11577460380466E+05  0.57670442709813E+05 -0.28618557958282E+04 -0.30910362648644E+04  0.52209580469641E+03 -0.16224497859539E+03 -0.16221109064849E+02  0.80629870967572E+01  0.51840480446858E+04 -0.73301194844086E+03  0.56554768571302E+04  0.33525187557901E+04  0.22015734962596E+06 -0.27199610029947E+04 -0.94991594685672E+03 -0.34277194008216E+03  0.15652884067271E+03  0.14592475377557E+04 -0.50669546236633E+04 -0.78658124877169E+02 -0.25242447285239E+04 -0.39931936214201E+04  0.14341013162452E+03 -0.10453641037289E+05 -0.54503501358004E+05 -0.15317598638201E+03 -0.30478605004145E+03 -0.12501192830319E+02 -0.35725171728078E+03 -0.15057155364550E+03 -0.13365282656821E+04 -0.11818879050411E+04 -0.35394757766718E+04
   0.96662459015797E+06 -0.11125107825321E+06  0.24093603809024E+05  0.33909809052303E+06 -0.29346139754638E+05  0.10803962383529E+06  0.57670442709813E+05  0.53661073082214E+07 -0.24081994953893E+07 -0.86784348420348E+05  0.25459196676780E+05  0.19369010920742E+05  0.13268033493120E+04  0.69978863032860E+02  0.87585136234469E+05 -0.11948072950855E+05  0.11235151731260E+06  0.61240988434375E+05  0.42970537595314E+06 -0.36781162725547E+05 -0.70228572792764E+04 -0.17950713809027E+04  0.48906108909872E+04  0.41086794997076E+05 -0.29312540289989E+05  0.61237242746731E+04 -0.61035967468923E+05 -0.47949086771291E+05 -0.71066155485222E+05 -0.29451728852779E+06 -0.56787322974305E+06 -0.73931978577962E+05 -0.16982341070809E+06 -0.14429988686371E+04  0.89175930364267E+03  0.50902906155168E+03 -0.27334259787059E+06 -0.14720224054418E+06 -0.17822014384499E+06
  -0.18433176611698E+06  0.24915241409519E+05 -0.44885369676582E+04 -0.24996117051083E+05 -0.51606009976578E+01 -0.97317404423959E+04 -0.28618557958282E+04 -0.24081994953893E+07  0.19244111381020E+07  0.19100473610086E+05 -0.63259752220310E+04 -0.41161721653584E+04 -0.23287115633866E+03 -0.89027211792097E+01  0.50279107082262E+05 -0.25722869563184E+04  0.20666891533407E+05  0.10598863036585E+05  0.43128162958254E+05  0.91883465265293E+04  0.14159409335701E+04  0.31418137861899E+03 -0.11218198047427E+04 -0.99060383333817E+04  0.48101732427068E+04 -0.13428170651997E+04  0.11167662691676E+05  0.10326585503688E+05  0.24981771480780E+05  0.67499963445852E+05  0.12591062606007E+06  0.22931172684167E+05  0.52789651005439E+05  0.20246293650028E+03 -0.14223726083128E+04 -0.75915181424127E+03  0.11283818042989E+06  0.46075106660956E+05  0.55315441440697E+05
  -0.45911207116874E+05  0.59730176792345E+04 -0.13351956462769E+04 -0.16634200040115E+05  0.20552280264758E+04 -0.45442695707278E+04 -0.30910362648644E+04 -0.86784348420348E+05  0.19100473610086E+05  0.25023983108211E+04 -0.58622356752265E+03 -0.47714408664209E+03 -0.42339132517500E+02 -0.12210813019095E+01 -0.40704479021731E+04  0.54303537841379E+03 -0.46179453323049E+04 -0.26547157217535E+04 -0.42763340541882E+05  0.12094227467588E+04  0.31357489766348E+03  0.96761804380963E+02 -0.15411622432434E+03 -0.12358520815522E+04  0.16886899708700E+04 -0.17403739879598E+03  0.26290660666306E+04  0.17847989764694E+04  0.73568200488611E+03  0.10674608228096E+05  0.21810055500072E+05  0.14598298001781E+04  0.33038922250708E+04  0.43514532015231E+02  0.10665919572115E+03  0.48707957867060E+02  0.30745948678541E+04  0.28502419638332E+04  0.35322761915239E+04
   0.70240343278249E+04 -0.75650115417223E+03  0.17826169183843E+03  0.29602297505063E+04 -0.28308718878976E+03  0.92460505377311E+03  0.52209580469641E+03  0.25459196676780E+05 -0.63259752220310E+04 -0.58622356752265E+03  0.16027790098111E+03  0.13359042047037E+03  0.98497362612199E+01  0.45775086965869E+00  0.12215335126299E+04 -0.14516009973356E+03  0.13178452478189E+04  0.72609141628054E+03  0.47036717247904E+04 -0.23403633216537E+03 -0.48703594109601E+02 -0.12950935003981E+02  0.32750626079440E+02  0.26868076333766E+03 -0.21485730759675E+03  0.42093643895128E+02 -0.44129316321804E+03 -0.32633651975583E+03 -0.33393848529179E+03 -0.19547480955936E+04 -0.38156849222412E+04 -0.41137077354064E+03 -0.94422655926004E+03 -0.10838171384792E+02 -0.89967917659557E+01 -0.45118981991124E+01 -0.11092630438990E+04 -0.81779328018793E+03 -0.99627578144614E+03
   0.11108210276784E+05 -0.83101786549237E+03  0.27752215367492E+03 -0.10464553927757E+04 -0.10375328193789E+02 -0.50309758055390E+03 -0.16224497859539E+03  0.19369010920742E+05 -0.41161721653584E+04 -0.47714408664209E+03  0.13359042047037E+03  0.79632993626238E+03  0.54064919766359E+02 -0.10351519359484E+01  0.96190799626774E+03 -0.14702762993317E+03  0.13850646503017E+04  0.80083008220978E+03  0.39614659232962E+04  0.19095728576746E+03  0.20212295795862E+02  0.70127674204170E+00  0.22954570371371E+02  0.21240908608775E+03 -0.44569324364864E+02  0.24220689456406E+02 -0.78504069495221E+03  0.39026547179280E-10 -0.45817263007657E+03 -0.35907088475921E+04  0.21820972416685E-09 -0.15508477011035E+04 -0.44315942885606E+02 -0.54238454058277E+02 -0.11687973307528E+01 -0.50822702478350E+00  0.18595053629113E+03 -0.19097916858174E+04  0.12201277332048E-09
   0.12037652243229E+04 -0.92421782801229E+02  0.33498598508100E+02 -0.98076895716417E+02  0.24506387893187E+01 -0.43341947929955E+02 -0.16221109064849E+02  0.13268033493120E+04 -0.23287115633866E+03 -0.42339132517500E+02  0.98497362612199E+01  0.54064919766359E+02  0.48084162337335E+01 -0.10683250634884E+00  0.56487681120061E+02 -0.10311500626819E+02  0.89519995267297E+02  0.55506101720615E+02  0.20235256513781E+03  0.11921545922660E+02  0.18093912725428E+01  0.14789856659816E+00  0.28366626853078E+01  0.23410316022211E+02 -0.80265575605465E+01  0.36590952064113E+01 -0.11143158421951E+03  0.20296671721719E-11 -0.18567671580632E+02 -0.41192845296792E+03 -0.90233956627304E-12 -0.98573914389288E+02 -0.11203435503907E+02 -0.44043933654768E+01 -0.12114016283520E+00 -0.48121654183514E-01  0.18867623053654E+02 -0.13985691025507E+03  0.50536735465689E-11
  -0.90935540621709E+02  0.10934483194081E+02 -0.30762853230650E+01  0.45585531540889E+02 -0.40308107602955E+01  0.15460550008626E+02  0.80629870967572E+01  0.69978863032860E+02 -0.89027211792097E+01 -0.12210813019095E+01  0.45775086965869E+00 -0.10351519359484E+01 -0.10683250634884E+00  0.30471376664672E-01  0.10785676954082E+02 -0.83934748115544E+00  0.78797681032473E+01  0.37772037349540E+01  0.62570948193873E+02  0.10332447071658E+01 -0.33944186306842E-01 -0.15209269384268E-01 -0.42097425050990E-02 -0.70083007810459E-02 -0.28455926801693E-02 -0.14045154269993E-01  0.47555041194071E-01 -0.42039795303704E-13 -0.40567092860030E+01 -0.33132278171732E+00  0.64221641553863E-12 -0.17016653847592E+01 -0.19414028170703E-05 -0.87947859398833E-01 -0.10238581872332E-02 -0.57115904012402E-03 -0.16053244350993E+01 -0.17161137436994E+01  0.22805146615741E-12
   0.13752686023739E+05  0.12508231552231E+03 -0.12316275945499E+03  0.32694678984111E+05 -0.28734411203649E+04  0.98876071383753E+04  0.51840480446858E+04  0.87585136234469E+05  0.50279107082262E+05 -0.40704479021731E+04  0.12215335126299E+04  0.96190799626774E+03  0.56487681120061E+02  0.10785676954082E+02  0.51879274129867E+05 -0.51946716201600E+04  0.47095494184175E+05  0.25140116797345E+05  0.61892584903615E+05  0.14340110031016E+02  0.46896643835079E+02  0.22160404025986E+02 -0.17741182580423E+02 -0.15257857421158E+03  0.73072690209928E+03  0.21245292837371E+02 -0.31271278315416E+04 -0.20313541455296E+04 -0.25208143024717E+04  0.18145900997928E+04  0.40927905805753E+04 -0.15182995905696E+04 -0.31821271915849E+04 -0.74796895128827E+03 -0.31740003423018E+04 -0.16378193806742E+04 -0.20253770498384E+04 -0.10294347255006E+04 -0.11656729738087E+04
  -0.35271808694374E+04  0.13251662501145E+03 -0.48280988474509E+02 -0.44298109871768E+04  0.41491377591838E+03 -0.13447212730895E+04 -0.73301194844086E+03 -0.11948072950855E+05 -0.25722869563184E+04  0.54303537841379E+03 -0.14516009973356E+03 -0.14702762993317E+03 -0.10311500626819E+02 -0.83934748115544E+00 -0.51946716201600E+04  0.61293276814748E+03 -0.54728212880337E+04 -0.30345838064463E+04 -0.90808780379983E+04  0.18349649518319E+02 -0.46245275372515E+01 -0.36033783961074E+01 -0.42225259725658E+01 -0.23847268647814E+02 -0.14790639529801E+03 -0.21309902926051E+02  0.62774194490206E+03  0.39313257998036E+03  0.30124211104468E+03 -0.90516955831742E+02 -0.37955907543960E+03  0.17207053420602E+03  0.35662260829316E+03  0.88843949328327E+02  0.54070333511353E+03  0.25691433824117E+03 -0.43667976165086E+03  0.30127051703321E+03  0.34063697559512E+03
   0.18111274486760E+05  0.23563387000792E+03 -0.35753607620048E+02  0.35856504486997E+05 -0.29866027438661E+04  0.11237677722367E+05  0.56554768571302E+04  0.11235151731260E+06  0.20666891533407E+05 -0.46179453323049E+04  0.13178452478189E+04  0.13850646503017E+04  0.89519995267297E+02  0.78797681032473E+01  0.47095494184175E+05 -0.54728212880337E+04  0.49981221866903E+05  0.27445430835647E+05  0.63680148387706E+05  0.90393831756855E+01  0.78249184112137E+02  0.33700396082439E+02 -0.66407188847698E+02 -0.33743759542231E+03  0.99355559548526E+03 -0.13618979943531E+03 -0.42101962602376E+04 -0.26484893198435E+04 -0.31058739080390E+04  0.27275547962590E+04  0.64572491681259E+04 -0.15391338203854E+04 -0.32393163990256E+04 -0.81118966508629E+03 -0.37998877189616E+04 -0.19940661030932E+04  0.27859776737855E+04 -0.25868880203999E+04 -0.28862920487493E+04
   0.13466791190493E+05 -0.68230761494333E+02  0.96268242249802E+02  0.20673689385960E+05 -0.17818080159934E+04  0.65094108819557E+04  0.33525187557901E+04  0.61240988434375E+05  0.10598863036585E+05 -0.26547157217535E+04  0.72609141628054E+03  0.80083008220978E+03  0.55506101720615E+02  0.37772037349540E+01  0.25140116797345E+05 -0.30345838064463E+04  0.27445430835647E+05  0.15254439472888E+05  0.38085127527342E+05 -0.32901849178288E+02  0.42800981924260E+02  0.21663894623269E+02 -0.21268750970772E+02 -0.77084194737100E+02  0.71219491991090E+03 -0.37068618745582E+02 -0.29060342752988E+04 -0.17978837862550E+04 -0.15646416433331E+04  0.11795492499620E+04  0.33574449359721E+04 -0.79933540857815E+03 -0.16769683084336E+04 -0.45263438874377E+03 -0.24861591922400E+04 -0.12491320124042E+04  0.24871850079467E+04 -0.17225721398625E+04 -0.19266826439697E+04
   0.51250584464431E+07 -0.16512001708615E+07  0.17129458294818E+06  0.17469907539205E+07 -0.37707425192614E+06  0.95972804686629E+05  0.22015734962596E+06  0.42970537595314E+06  0.43128162958254E+05 -0.42763340541882E+05  0.47036717247904E+04  0.39614659232962E+04  0.20235256513781E+03  0.62570948193873E+02  0.61892584903615E+05 -0.90808780379983E+04  0.63680148387706E+05  0.38085127527342E+05  0.23737992932763E+08 -0.13055547438399E+06 -0.66164312704021E+05 -0.34453940034651E+05 -0.34890820740856E+05 -0.63147200228531E+05 -0.42514323476963E+06 -0.23769776364043E+06 -0.34129181458187E+05 -0.75596268413666E+05  0.12496902185459E+04 -0.53407055479724E+06 -0.25890758244275E+07 -0.15722477065391E+05 -0.31821978981283E+05 -0.18833261061101E+03 -0.23111100764818E+05 -0.73247217305667E+04  0.17578039776436E+05 -0.20185495056097E+05 -0.61986910044212E+05
  -0.54145850682616E+05  0.12620122789399E+05 -0.17572545919359E+04 -0.17166300163340E+05  0.30229835556509E+04 -0.25755901904733E+04 -0.27199610029947E+04 -0.36781162725547E+05  0.91883465265293E+04  0.12094227467588E+04 -0.23403633216537E+03  0.19095728576746E+03  0.11921545922660E+02  0.10332447071658E+01  0.14340110031016E+02  0.18349649518319E+02  0.90393831756855E+01 -0.32901849178288E+02 -0.13055547438399E+06  0.26395386377543E+04  0.83320746102612E+03  0.34754444631052E+03  0.92302090024317E+02 -0.45848634145684E+03  0.38851388767822E+04  0.12104578525125E+04  0.00000000000000E+00  0.25958598268502E+04  0.00000000000000E+00  0.00000000000000E+00  0.41136826542221E+05  0.00000000000000E+00  0.00000000000000E+00  0.00000000000000E+00  0.00000000000000E+00  0.00000000000000E+00  0.00000000000000E+00  0.00000000000000E+00  0.42443049035000E+04
  -0.22323284879766E+05  0.60363661789897E+04 -0.73459605900020E+03 -0.64853010794085E+04  0.12813262507053E+04 -0.66262648002843E+03 -0.94991594685672E+03 -0.70228572792764E+04  0.14159409335701E+04  0.31357489766348E+03 -0.48703594109601E+02  0.20212295795862E+02  0.18093912725428E+01 -0.33944186306842E-01  0.46896643835079E+02 -0.46245275372515E+01  0.78249184112137E+02  0.42800981924260E+02 -0.66164312704021E+05  0.83320746102612E+03  0.34610264882190E+03  0.16267027753976E+03  0.91051980669142E+02  0.31106050247544E+02  0.17572449184157E+04  0.75465148524372E+03  0.00000000000000E+00  0.67323436637038E+03  0.00000000000000E+00  0.00000000000000E+00  0.15268132566524E+05  0.00000000000000E+00  0.00000000000000E+00  0.00000000000000E+00  0.00000000000000E+00  0.00000000000000E+00  0.00000000000000E+00  0.00000000000000E+00  0.88102898923645E+03
  -0.10243673331225E+05  0.30904512774480E+04 -0.33949838749940E+03 -0.26358677267023E+04  0.56133252403641E+03 -0.15592380483596E+03 -0.34277194008216E+03 -0.17950713809027E+04  0.31418137861899E+03  0.96761804380963E+02 -0.12950935003981E+02  0.70127674204170E+00  0.14789856659816E+00 -0.15209269384268E-01  0.22160404025986E+02 -0.36033783961074E+01  0.33700396082439E+02  0.21663894623269E+02 -0.34453940034651E+05  0.34754444631052E+03  0.16267027753976E+03  0.82454479629043E+02  0.61673810877221E+02  0.79743096552887E+02  0.85625764591453E+03  0.45805340216526E+03  0.00000000000000E+00  0.19630487232116E+03  0.00000000000000E+00  0.00000000000000E+00  0.65529404428816E+04  0.00000000000000E+00  0.00000000000000E+00  0.00000000000000E+00  0.00000000000000E+00  0.00000000000000E+00  0.00000000000000E+00  0.00000000000000E+00  0.26011719902860E+03
  -0.81034389399063E+04  0.43536406306472E+04 -0.28674084020925E+03 -0.30969545472535E+03  0.23752842777337E+03  0.46079076331261E+03  0.15652884067271E+03  0.48906108909872E+04 -0.11218198047427E+04 -0.15411622432434E+03  0.32750626079440E+02  0.22954570371371E+02  0.28366626853078E+01 -0.42097425050990E-02 -0.17741182580423E+02 -0.42225259725658E+01 -0.66407188847698E+02 -0.21268750970772E+02 -0.34890820740856E+05  0.92302090024317E+02  0.91051980669142E+02  0.61673810877221E+02  0.16203691508808E+03  0.46889275653096E+03  0.95551896855863E+03  0.93484246980256E+03 -0.52147572022986E+02 -0.30965706596547E+02  0.33956179782854E+01  0.99793003250115E+03  0.16315849163902E+04  0.00000000000000E+00  0.00000000000000E+00  0.00000000000000E+00  0.00000000000000E+00  0.00000000000000E+00  0.00000000000000E+00 -0.22074744611456E+03 -0.24341345241729E+03
   0.21365776956962E+04  0.70690646712733E+04 -0.56958369621976E+02  0.45197570458600E+04 -0.76165258243664E+01  0.27663875782277E+04  0.14592475377557E+04  0.41086794997076E+05 -0.99060383333817E+04 -0.12358520815522E+04  0.26868076333766E+03  0.21240908608775E+03  0.23410316022211E+02 -0.70083007810459E-02 -0.15257857421158E+03 -0.23847268647814E+02 -0.33743759542231E+03 -0.77084194737100E+02 -0.63147200228531E+05 -0.45848634145684E+03  0.31106050247544E+02  0.79743096552887E+02  0.46889275653096E+03  0.20873573837148E+04  0.12600871991208E+04  0.19583996081924E+04 -0.22780880381355E+03 -0.15824392304253E+03 -0.21364094874308E+02 -0.51793959971457E+04 -0.90827105954510E+04  0.00000000000000E+00  0.00000000000000E+00  0.00000000000000E+00  0.00000000000000E+00  0.00000000000000E+00  0.00000000000000E+00 -0.21630537548340E+04 -0.23881014084898E+04
  -0.19832122100463E+06  0.56006534164840E+05 -0.65773785394341E+04 -0.37256879529154E+05  0.79247421768892E+04 -0.24457405593330E+04 -0.50669546236633E+04 -0.29312540289989E+05  0.48101732427068E+04  0.16886899708700E+04 -0.21485730759675E+03 -0.44569324364864E+02 -0.80265575605465E+01 -0.28455926801693E-02  0.73072690209928E+03 -0.14790639529801E+03  0.99355559548526E+03  0.71219491991090E+03 -0.42514323476963E+06  0.38851388767822E+04  0.17572449184157E+04  0.85625764591453E+03  0.95551896855863E+03  0.12600871991208E+04  0.16268987339507E+05  0.68811983934498E+04  0.25923122891512E+03  0.19318746109778E+03  0.12038100243448E+01  0.41346107993863E+05  0.82347199175418E+05  0.00000000000000E+00  0.00000000000000E+00  0.00000000000000E+00  0.00000000000000E+00  0.00000000000000E+00  0.00000000000000E+00  0.17674101030219E+04  0.21582870521505E+04
  -0.70365266609586E+05  0.30629504357499E+05 -0.23734635968370E+04 -0.67636269060026E+04  0.19576296445697E+04  0.12533707865924E+04 -0.78658124877169E+02  0.61237242746731E+04 -0.13428170651997E+04 -0.17403739879598E+03  0.42093643895128E+02  0.24220689456406E+02  0.36590952064113E+01 -0.14045154269993E-01  0.21245292837371E+02 -0.21309902926051E+02 -0.13618979943531E+03 -0.37068618745582E+02 -0.23769776364043E+06  0.12104578525125E+04  0.75465148524372E+03  0.45805340216526E+03  0.93484246980256E+03  0.19583996081924E+04  0.68811983934498E+04  0.62572326664259E+04 -0.22630331655928E+03 -0.11995023705725E+03  0.12431633887899E+02  0.13076912885357E+05  0.22033676111857E+05  0.00000000000000E+00  0.00000000000000E+00  0.00000000000000E+00  0.00000000000000E+00  0.00000000000000E+00  0.00000000000000E+00 -0.12499789152674E+03 -0.12329863850129E+03
  -0.13434177575768E+06  0.16964185992279E+05 -0.42319913056807E+04 -0.12720370396482E+05  0.19896780007358E+04 -0.28829440634710E+04 -0.25242447285239E+04 -0.61035967468923E+05  0.11167662691676E+05  0.26290660666306E+04 -0.44129316321804E+03 -0.78504069495221E+03 -0.11143158421951E+03  0.47555041194071E-01 -0.31271278315416E+04  0.62774194490206E+03 -0.42101962602376E+04 -0.29060342752988E+04 -0.34129181458187E+05  0.00000000000000E+00  0.00000000000000E+00  0.00000000000000E+00 -0.52147572022986E+02 -0.22780880381355E+03  0.25923122891512E+03 -0.22630331655928E+03  0.11742164509857E+06  0.00000000000000E+00  0.00000000000000E+00  0.00000000000000E+00  0.00000000000000E+00  0.00000000000000E+00  0.00000000000000E+00  0.00000000000000E+00  0.00000000000000E+00  0.00000000000000E+00  0.00000000000000E+00  0.00000000000000E+00  0.00000000000000E+00
  -0.56740693804544E+05  0.83089982546350E+04 -0.17861915084902E+04 -0.21159792020255E+05  0.33712736749977E+04 -0.44624893903501E+04 -0.39931936214201E+04 -0.47949086771291E+05  0.10326585503688E+05  0.17847989764694E+04 -0.32633651975583E+03  0.39026547179280E-10  0.20296671721719E-11 -0.42039795303704E-13 -0.20313541455296E+04  0.39313257998036E+03 -0.26484893198435E+04 -0.17978837862550E+04 -0.75596268413666E+05  0.25958598268502E+04  0.67323436637038E+03  0.19630487232116E+03 -0.30965706596547E+02 -0.15824392304253E+03  0.19318746109778E+03 -0.11995023705725E+03  0.00000000000000E+00  0.64826371883734E+05  0.00000000000000E+00  0.00000000000000E+00  0.00000000000000E+00  0.00000000000000E+00  0.00000000000000E+00  0.00000000000000E+00  0.00000000000000E+00  0.00000000000000E+00  0.00000000000000E+00  0.00000000000000E+00  0.00000000000000E+00
  -0.55091360365284E+04 -0.18522666396333E+03  0.83170962024515E+01 -0.41300206946529E+02 -0.60611312406873E+02  0.16515147986910E+03  0.14341013162452E+03 -0.71066155485222E+05  0.24981771480780E+05  0.73568200488611E+03 -0.33393848529179E+03 -0.45817263007657E+03 -0.18567671580632E+02 -0.40567092860030E+01 -0.25208143024717E+04  0.30124211104468E+03 -0.31058739080390E+04 -0.15646416433331E+04  0.12496902185459E+04  0.00000000000000E+00  0.00000000000000E+00  0.00000000000000E+00  0.33956179782854E+01 -0.21364094874308E+02  0.12038100243448E+01  0.12431633887899E+02  0.00000000000000E+00  0.00000000000000E+00  0.30903634961268E+05  0.00000000000000E+00  0.00000000000000E+00  0.00000000000000E+00  0.00000000000000E+00  0.00000000000000E+00  0.00000000000000E+00  0.00000000000000E+00  0.00000000000000E+00  0.00000000000000E+00  0.00000000000000E+00
  -0.86056211600307E+06  0.20095890456752E+06 -0.27690928145024E+05 -0.65483448518978E+05  0.11830273783718E+05 -0.96562854418319E+04 -0.10453641037289E+05 -0.29451728852779E+06  0.67499963445852E+05  0.10674608228096E+05 -0.19547480955936E+04 -0.35907088475921E+04 -0.41192845296792E+03 -0.33132278171732E+00  0.18145900997928E+04 -0.90516955831742E+02  0.27275547962590E+04  0.11795492499620E+04 -0.53407055479724E+06  0.00000000000000E+00  0.00000000000000E+00  0.00000000000000E+00  0.99793003250115E+03 -0.51793959971457E+04  0.41346107993863E+05  0.13076912885357E+05  0.00000000000000E+00  0.00000000000000E+00  0.00000000000000E+00  0.58356319580654E+06  0.00000000000000E+00  0.00000000000000E+00  0.00000000000000E+00  0.00000000000000E+00  0.00000000000000E+00  0.00000000000000E+00  0.00000000000000E+00  0.00000000000000E+00  0.00000000000000E+00
  -0.11076857516574E+07  0.25121137454937E+06 -0.35831283432710E+05 -0.33831144675641E+06  0.62293198520394E+05 -0.47736624303250E+05 -0.54503501358004E+05 -0.56787322974305E+06  0.12591062606007E+06  0.21810055500072E+05 -0.38156849222412E+04  0.21820972416685E-09 -0.90233956627304E-12  0.64221641553863E-12  0.40927905805753E+04 -0.37955907543960E+03  0.64572491681259E+04  0.33574449359721E+04 -0.25890758244275E+07  0.41136826542221E+05  0.15268132566524E+05  0.65529404428816E+04  0.16315849163902E+04 -0.90827105954510E+04  0.82347199175418E+05  0.22033676111857E+05  0.00000000000000E+00  0.00000000000000E+00  0.00000000000000E+00  0.00000000000000E+00  0.92784517078927E+06  0.00000000000000E+00  0.00000000000000E+00  0.00000000000000E+00  0.00000000000000E+00  0.00000000000000E+00  0.00000000000000E+00  0.00000000000000E+00  0.00000000000000E+00
  -0.21266975794586E+05  0.57333226135791E+04 -0.70830251697877E+03 -0.12293953457191E+04  0.30201792604972E+03 -0.18640470471933E+01 -0.15317598638201E+03 -0.73931978577962E+05  0.22931172684167E+05  0.14598298001781E+04 -0.41137077354064E+03 -0.15508477011035E+04 -0.98573914389288E+02 -0.17016653847592E+01 -0.15182995905696E+04  0.17207053420602E+03 -0.15391338203854E+04 -0.79933540857815E+03 -0.15722477065391E+05  0.00000000000000E+00  0.00000000000000E+00  0.00000000000000E+00  0.00000000000000E+00  0.00000000000000E+00  0.00000000000000E+00  0.00000000000000E+00  0.00000000000000E+00  0.00000000000000E+00  0.00000000000000E+00  0.00000000000000E+00  0.00000000000000E+00  0.14227834408458E+05  0.00000000000000E+00  0.00000000000000E+00  0.00000000000000E+00  0.00000000000000E+00  0.00000000000000E+00  0.00000000000000E+00  0.00000000000000E+00
  -0.49206965399914E+05  0.13499084148621E+05 -0.16449223411290E+04 -0.25011477290621E+04  0.59022391460327E+03 -0.43404552539182E+02 -0.30478605004145E+03 -0.16982341070809E+06  0.52789651005439E+05  0.33038922250708E+04 -0.94422655926004E+03 -0.44315942885606E+02 -0.11203435503907E+02 -0.19414028170703E-05 -0.31821271915849E+04  0.35662260829316E+03 -0.32393163990256E+04 -0.16769683084336E+04 -0.31821978981283E+05  0.00000000000000E+00  0.00000000000000E+00  0.00000000000000E+00  0.00000000000000E+00  0.00000000000000E+00  0.00000000000000E+00  0.00000000000000E+00  0.00000000000000E+00  0.00000000000000E+00  0.00000000000000E+00  0.00000000000000E+00  0.00000000000000E+00  0.00000000000000E+00  0.33183586184139E+05  0.00000000000000E+00  0.00000000000000E+00  0.00000000000000E+00  0.00000000000000E+00  0.00000000000000E+00  0.00000000000000E+00
  -0.32334933868949E+04  0.41883645933294E+03 -0.91000048277690E+02 -0.65659785028401E+02  0.83395797453516E+01 -0.18139170103086E+02 -0.12501192830319E+02 -0.14429988686371E+04  0.20246293650028E+03  0.43514532015231E+02 -0.10838171384792E+02 -0.54238454058277E+02 -0.44043933654768E+01 -0.87947859398833E-01 -0.74796895128827E+03  0.88843949328327E+02 -0.81118966508629E+03 -0.45263438874377E+03 -0.18833261061101E+03  0.00000000000000E+00  0.00000000000000E+00  0.00000000000000E+00  0.00000000000000E+00  0.00000000000000E+00  0.00000000000000E+00  0.00000000000000E+00  0.00000000000000E+00  0.00000000000000E+00  0.00000000000000E+00  0.00000000000000E+00  0.00000000000000E+00  0.00000000000000E+00  0.00000000000000E+00  0.37879889054065E+04  0.00000000000000E+00  0.00000000000000E+00  0.00000000000000E+00  0.00000000000000E+00  0.00000000000000E+00
  -0.88549799217634E+04  0.23155477000644E+04 -0.29176447130763E+03 -0.23322966639254E+04  0.45469822059341E+03 -0.26395748204981E+03 -0.35725171728078E+03  0.89175930364267E+03 -0.14223726083128E+04  0.10665919572115E+03 -0.89967917659557E+01 -0.11687973307528E+01 -0.12114016283520E+00 -0.10238581872332E-02 -0.31740003423018E+04  0.54070333511353E+03 -0.37998877189616E+04 -0.24861591922400E+04 -0.23111100764818E+05  0.00000000000000E+00  0.00000000000000E+00  0.00000000000000E+00  0.00000000000000E+00  0.00000000000000E+00  0.00000000000000E+00  0.00000000000000E+00  0.00000000000000E+00  0.00000000000000E+00  0.00000000000000E+00  0.00000000000000E+00  0.00000000000000E+00  0.00000000000000E+00  0.00000000000000E+00  0.00000000000000E+00  0.80641625265947E+04  0.00000000000000E+00  0.00000000000000E+00  0.00000000000000E+00  0.00000000000000E+00
  -0.31493876344755E+04  0.73921645287524E+03 -0.10309121353632E+03 -0.91376441360222E+03  0.16882996252053E+03 -0.13264677172358E+03 -0.15057155364550E+03  0.50902906155168E+03 -0.75915181424127E+03  0.48707957867060E+02 -0.45118981991124E+01 -0.50822702478350E+00 -0.48121654183514E-01 -0.57115904012402E-03 -0.16378193806742E+04  0.25691433824117E+03 -0.19940661030932E+04 -0.12491320124042E+04 -0.73247217305667E+04  0.00000000000000E+00  0.00000000000000E+00  0.00000000000000E+00  0.00000000000000E+00  0.00000000000000E+00  0.00000000000000E+00  0.00000000000000E+00  0.00000000000000E+00  0.00000000000000E+00  0.00000000000000E+00  0.00000000000000E+00  0.00000000000000E+00  0.00000000000000E+00  0.00000000000000E+00  0.00000000000000E+00  0.00000000000000E+00  0.41547202067211E+04  0.00000000000000E+00  0.00000000000000E+00  0.00000000000000E+00
  -0.19994068020025E+05 -0.20666569183070E+04 -0.12386360096472E+03 -0.99476191376622E+04  0.38042460870014E+03 -0.31420018391756E+04 -0.13365282656821E+04 -0.27334259787059E+06  0.11283818042989E+06  0.30745948678541E+04 -0.11092630438990E+04  0.18595053629113E+03  0.18867623053654E+02 -0.16053244350993E+01 -0.20253770498384E+04 -0.43667976165086E+03  0.27859776737855E+04  0.24871850079467E+04  0.17578039776436E+05  0.00000000000000E+00  0.00000000000000E+00  0.00000000000000E+00  0.00000000000000E+00  0.00000000000000E+00  0.00000000000000E+00  0.00000000000000E+00  0.00000000000000E+00  0.00000000000000E+00  0.00000000000000E+00  0.00000000000000E+00  0.00000000000000E+00  0.00000000000000E+00  0.00000000000000E+00  0.00000000000000E+00  0.00000000000000E+00  0.00000000000000E+00  0.12748690794343E+06  0.00000000000000E+00  0.00000000000000E+00
  -0.76637704141000E+05  0.87051463303279E+04 -0.20583325550389E+04 -0.73159031690606E+04  0.82474100077683E+03 -0.19230239280175E+04 -0.11818879050411E+04 -0.14720224054418E+06  0.46075106660956E+05  0.28502419638332E+04 -0.81779328018793E+03 -0.19097916858174E+04 -0.13985691025507E+03 -0.17161137436994E+01 -0.10294347255006E+04  0.30127051703321E+03 -0.25868880203999E+04 -0.17225721398625E+04 -0.20185495056097E+05  0.00000000000000E+00  0.00000000000000E+00  0.00000000000000E+00 -0.22074744611456E+03 -0.21630537548340E+04  0.17674101030219E+04 -0.12499789152674E+03  0.00000000000000E+00  0.00000000000000E+00  0.00000000000000E+00  0.00000000000000E+00  0.00000000000000E+00  0.00000000000000E+00  0.00000000000000E+00  0.00000000000000E+00  0.00000000000000E+00  0.00000000000000E+00  0.00000000000000E+00  0.96047957489389E+05  0.00000000000000E+00
  -0.60210177219045E+05  0.72458341206617E+04 -0.16500429004982E+04 -0.21702494997298E+05  0.25373031889525E+04 -0.55801285967458E+04 -0.35394757766718E+04 -0.17822014384499E+06  0.55315441440697E+05  0.35322761915239E+04 -0.99627578144614E+03  0.12201277332048E-09  0.50536735465689E-11  0.22805146615741E-12 -0.11656729738087E+04  0.34063697559512E+03 -0.28862920487493E+04 -0.19266826439697E+04 -0.61986910044212E+05  0.42443049035000E+04  0.88102898923645E+03  0.26011719902860E+03 -0.24341345241729E+03 -0.23881014084898E+04  0.21582870521505E+04 -0.12329863850129E+03  0.00000000000000E+00  0.00000000000000E+00  0.00000000000000E+00  0.00000000000000E+00  0.00000000000000E+00  0.00000000000000E+00  0.00000000000000E+00  0.00000000000000E+00  0.00000000000000E+00  0.00000000000000E+00  0.00000000000000E+00  0.00000000000000E+00  0.10063888594483E+06

 # Covariance matrix (Bevington epsilon)
   0.66812429739569E-03 -0.41099770575583E-04 -0.19653359937214E-01  0.19248225382024E-03  0.13633340336026E-03  0.12974754420708E-03 -0.75214948263123E-03  0.56597335230912E-04  0.37361222246066E-04 -0.17685144655859E-02 -0.19238856527122E-01 -0.75491677304693E-03 -0.31120912816190E-02  0.49413527471189E-02  0.12100207216394E-03  0.27729226842199E-02 -0.38218815637152E-04  0.18767729744082E-03 -0.31075516485917E-05 -0.77586063688253E-03  0.42055857645642E-02 -0.48121095791233E-02 -0.10099858344572E-02 -0.24168791367550E-03  0.57996353626538E-04  0.22365439182007E-03  0.42880879801490E-04  0.42758977886381E-04  0.37694133513330E-04  0.47122506605643E-04  0.44975368851990E-04 -0.21932901213876E-03 -0.12004259773086E-03  0.47366691791056E-04 -0.51963504501530E-04 -0.51773347613671E-04  0.69128816944260E-04  0.46264651168684E-04  0.42367439622545E-04
  -0.41099770575586E-04  0.15421867949491E-03  0.25423887723304E-02  0.82868118903629E-04  0.22800203881586E-03  0.68819998992701E-04 -0.24758780094059E-03 -0.74453271124432E-06 -0.80592454161132E-06  0.87660972075220E-03  0.25314056823590E-02  0.39432234098140E-03 -0.11189298309135E-02  0.30596022275188E-01  0.69094769938155E-06 -0.17626826999705E-03  0.33406190106417E-04 -0.13023544925319E-03  0.48892508345078E-06 -0.82214502756104E-04 -0.77972600391918E-03  0.20020824778971E-02  0.16218062390290E-02 -0.25709615489198E-03  0.70483598231731E-04 -0.53030213842883E-03  0.13067908796459E-04  0.10872046605198E-04  0.72406242444913E-05  0.44793494218594E-05  0.55570998148945E-05  0.21261951947009E-04 -0.16167122208284E-04  0.72625673332118E-05 -0.14736656361863E-04 -0.11957079640621E-04  0.45384311966193E-05  0.71190447016182E-05  0.67878481962910E-05
